
    --------------------
    'Model: Random Fourier features and ridge regression 
    	Dataset: CPU_SMALL (regression) of shape (8192, 12) 	CV: 5 	n_jobs: 5
    	 params: {'regressor__fourier_random_features__gamma': [8.138020833333333e-05, 0.0009207119546699839, 0.010416666666666666, 0.11785113019775793, 1.3333333333333333], 'regressor__ridge_regression__alpha': array([1.00000000e-04, 3.16227766e-03, 1.00000000e-01, 3.16227766e+00,
       1.00000000e+02])} 
    	 number of hyperparameter 25
    
        	 n components [81, 163, 327, 409, 573, 737, 819, 983, 1064, 1228, 1392, 1474, 1638, 1720, 1884, 2048]
        	 which correspond with the [1, 2, 4, 5, 7, 9, 10, 12, 13, 15, 17, 18, 20, 21, 23, 25] % of the data
        --------------------
        
{'percent': [1, 2, 4, 5, 7, 9, 10, 12, 13, 15, 17, 18, 20, 21, 23, 25], 'n_components': [81, 163, 327, 409, 573, 737, 819, 983, 1064, 1228, 1392, 1474, 1638, 1720, 1884, 2048], 'Mean Score in test': [0.6009872430118496, 0.9335548659141005, 0.954780575526236, 0.9633056113169876, 0.9644005908045609, 0.958621834965819, 0.9555824166431323, 0.9598399150415571, 0.9664877497982831, 0.9658928955193334, 0.9365964465551324, 0.9687138324980465, 0.9684336992848182, 0.9706891997757374, 0.964817453346781, 0.9689982234554448], 'Std Score in test': [0.5383059322658044, 0.026799871349490488, 0.003227148793234404, 0.0015866264329307707, 0.003178524076007522, 0.008396042057563875, 0.023634629070681045, 0.012271835454634113, 0.0010411326094323737, 0.001804659686793348, 0.05580603940898512, 0.00063368519755621, 0.0012617041052408846, 0.002285633720128093, 0.007063596228029946, 0.0030017335954146034], 'Mean Training Time': [0.04736238718032837, 0.08853191137313843, 0.1646786332130432, 0.21185576915740967, 0.3416064381599426, 0.376498818397522, 0.4601048231124878, 0.5212644338607788, 0.6291349530220032, 0.6755203008651733, 0.7423198819160461, 0.9174809455871582, 0.9940251111984253, 1.0357256531715393, 1.1418378353118896, 1.5269059538841248], 'Std Training Time': [0.005644436025658398, 0.012813684537374744, 0.02744483615554768, 0.016596842799222612, 0.02348163700515304, 0.009569696215783153, 0.020408059373239307, 0.021375223484284975, 0.031066591222056083, 0.03440915192448829, 0.012689688746258528, 0.0779677789300578, 0.0535900960571273, 0.041687387098819084, 0.03992919746661929, 0.014461287313781303], 'Mean Best Score in CV': [0.9210254487220866, 0.9451914036361259, 0.9544301574681819, 0.9590136667008232, 0.9629218786395466, 0.960858642003475, 0.9632877861959032, 0.9625482745988491, 0.9655595220626463, 0.963973089148733, 0.9654954675965498, 0.9663857130761785, 0.9677840623269955, 0.9641673656318686, 0.9660285649186288, 0.9668076611846457], 'Std Best Score in CV': [0.005633099313745024, 0.003289762381263226, 0.004060408202665673, 0.005630090876757005, 0.0035824274142524115, 0.005044457956672995, 0.0026904605291701205, 0.0026967436627266, 0.0016726874540476263, 0.0036159909865519724, 0.0016926654383085128, 0.0014545963511326844, 0.0010723385671086716, 0.002669273313819531, 0.0014825908296831514, 0.001696885511483759], 'cv_mean_test_score': [0.9210254487220866, 0.9451914036361259, 0.9544301574681819, 0.9590136667008232, 0.9629218786395466, 0.960858642003475, 0.9632877861959032, 0.9625482745988491, 0.9655595220626463, 0.963973089148733, 0.9654954675965498, 0.9663857130761785, 0.9677840623269955, 0.9641673656318686, 0.9660285649186288, 0.9668076611846457], 'cv_std_test_score': [0.013295980615491053, 0.009374733406446605, 0.009705295962976125, 0.008670130215260849, 0.0048976317464004895, 0.004586163145963386, 0.0059361489537295906, 0.004275289021314729, 0.006093462080872919, 0.004399855689747998, 0.004824673098071475, 0.003116505400629876, 0.0028036149591179407, 0.007211119232121905, 0.002224180108080081, 0.0029167716565615238], 'cv_mean_fit_time': [0.03461441993713379, 0.06666988134384155, 0.14564234018325806, 0.18737571239471434, 0.31475391387939455, 0.4421645879745484, 0.5286450743675233, 0.6778895258903503, 0.7597076177597046, 0.9386587500572204, 1.1405121326446532, 1.2042910218238831, 1.4816638827323914, 1.4736560821533202, 1.7301289558410644, 2.1889490246772767], 'cv_std_fit_time': [0.0027374910407747376, 0.005218637523168314, 0.009672616417732594, 0.02305664191164188, 0.041583778443081115, 0.06971274405518259, 0.0699083146409015, 0.09355038263895628, 0.11291639562036762, 0.13568039908931476, 0.17545710038819862, 0.21506932619994015, 0.2335030223890135, 0.32494184192772224, 0.35255472716197206, 0.39014601572780183]}
{'percent': [1, 1, 1, 1, 2, 2, 2, 2, 4, 4, 4, 4, 5, 5, 5, 5, 7, 7, 7, 7, 9, 9, 9, 9, 10, 10, 10, 10, 12, 12, 12, 12, 13, 13, 13, 13, 15, 15, 15, 15, 17, 17, 17, 17, 18, 18, 18, 18, 20, 20, 20, 20, 21, 21, 21, 21, 23, 23, 23, 23, 25, 25, 25, 25], 'n_components': [81, 81, 81, 81, 163, 163, 163, 163, 327, 327, 327, 327, 409, 409, 409, 409, 573, 573, 573, 573, 737, 737, 737, 737, 819, 819, 819, 819, 983, 983, 983, 983, 1064, 1064, 1064, 1064, 1228, 1228, 1228, 1228, 1392, 1392, 1392, 1392, 1474, 1474, 1474, 1474, 1638, 1638, 1638, 1638, 1720, 1720, 1720, 1720, 1884, 1884, 1884, 1884, 2048, 2048, 2048, 2048], 'Score in test': [0.9124969828665845, 0.896856125154317, -0.33121698355201445, 0.9258128475785111, 0.9563467143018607, 0.946494413844943, 0.8878713153720825, 0.9435070201375154, 0.950578995455319, 0.9586525289650307, 0.9528289848222817, 0.9570617928623123, 0.9634450425406811, 0.9651584581251883, 0.9607875548407763, 0.9638313897613047, 0.9590701950655447, 0.9672675769071978, 0.9662426806002442, 0.9650219106452567, 0.9610531935925584, 0.9629157105858206, 0.944419226410697, 0.9660992092742, 0.9687159902530735, 0.9719119721985159, 0.9147625440018364, 0.9669391601191032, 0.9677242952923932, 0.9714279453135027, 0.9397027843791433, 0.9605046351811887, 0.9648897950176062, 0.967745204933105, 0.9663904126819721, 0.966925586560449, 0.9668526971071071, 0.9640551416100938, 0.9642894187819135, 0.9683743245782193, 0.968628737512717, 0.9732880454070656, 0.8400918088679921, 0.9643771944327549, 0.9678913825281968, 0.9695744787941657, 0.9690016237602818, 0.9683878449095419, 0.9670085514900756, 0.9676615786789445, 0.9687179692184497, 0.9703466977518028, 0.968471690932734, 0.97173285670088, 0.9739407980035986, 0.9686114534657371, 0.9690703413101845, 0.9708970669472433, 0.9529003317007773, 0.9664020734289192, 0.9679578668989322, 0.9722555693690684, 0.9711981614300437, 0.9645812961237354], 'Training Time': [0.05555105209350586, 0.04803204536437988, 0.04615044593811035, 0.03971600532531738, 0.10973644256591797, 0.08574843406677246, 0.07546687126159668, 0.0831758975982666, 0.1559467315673828, 0.15123605728149414, 0.21119236946105957, 0.14033937454223633, 0.1866159439086914, 0.23191094398498535, 0.20949220657348633, 0.21940398216247559, 0.3532729148864746, 0.32559919357299805, 0.3738083839416504, 0.31374526023864746, 0.39055514335632324, 0.3790128231048584, 0.3646690845489502, 0.37175822257995605, 0.49427342414855957, 0.4547996520996094, 0.4404881000518799, 0.45085811614990234, 0.5054066181182861, 0.4973471164703369, 0.5308306217193604, 0.5514733791351318, 0.5975630283355713, 0.5992317199707031, 0.6535501480102539, 0.6661949157714844, 0.7282283306121826, 0.6757242679595947, 0.632361888885498, 0.665766716003418, 0.740652322769165, 0.7224414348602295, 0.7557446956634521, 0.7504410743713379, 0.7895684242248535, 0.9226500988006592, 0.964806318283081, 0.9928989410400391, 1.056053638458252, 1.038426399230957, 0.9423799514770508, 0.9392404556274414, 0.9977359771728516, 1.1011462211608887, 1.0013697147369385, 1.0426506996154785, 1.1541967391967773, 1.1401700973510742, 1.1920111179351807, 1.0809733867645264, 1.5042247772216797, 1.5245747566223145, 1.538027286529541, 1.5407969951629639], 'Best Parameters': [{'regressor__fourier_random_features__gamma': 0.010416666666666666, 'regressor__ridge_regression__alpha': 0.1}, {'regressor__fourier_random_features__gamma': 0.010416666666666666, 'regressor__ridge_regression__alpha': 0.0001}, {'regressor__fourier_random_features__gamma': 0.0009207119546699839, 'regressor__ridge_regression__alpha': 0.0001}, {'regressor__fourier_random_features__gamma': 0.010416666666666666, 'regressor__ridge_regression__alpha': 0.1}, {'regressor__fourier_random_features__gamma': 0.010416666666666666, 'regressor__ridge_regression__alpha': 0.1}, {'regressor__fourier_random_features__gamma': 0.010416666666666666, 'regressor__ridge_regression__alpha': 0.1}, {'regressor__fourier_random_features__gamma': 0.010416666666666666, 'regressor__ridge_regression__alpha': 0.0001}, {'regressor__fourier_random_features__gamma': 0.010416666666666666, 'regressor__ridge_regression__alpha': 0.0031622776601683794}, {'regressor__fourier_random_features__gamma': 0.010416666666666666, 'regressor__ridge_regression__alpha': 0.0031622776601683794}, {'regressor__fourier_random_features__gamma': 0.010416666666666666, 'regressor__ridge_regression__alpha': 0.1}, {'regressor__fourier_random_features__gamma': 0.010416666666666666, 'regressor__ridge_regression__alpha': 0.0031622776601683794}, {'regressor__fourier_random_features__gamma': 0.010416666666666666, 'regressor__ridge_regression__alpha': 0.0031622776601683794}, {'regressor__fourier_random_features__gamma': 0.010416666666666666, 'regressor__ridge_regression__alpha': 0.0031622776601683794}, {'regressor__fourier_random_features__gamma': 0.010416666666666666, 'regressor__ridge_regression__alpha': 0.0031622776601683794}, {'regressor__fourier_random_features__gamma': 0.010416666666666666, 'regressor__ridge_regression__alpha': 0.0031622776601683794}, {'regressor__fourier_random_features__gamma': 0.010416666666666666, 'regressor__ridge_regression__alpha': 0.0031622776601683794}, {'regressor__fourier_random_features__gamma': 0.010416666666666666, 'regressor__ridge_regression__alpha': 0.0031622776601683794}, {'regressor__fourier_random_features__gamma': 0.0009207119546699839, 'regressor__ridge_regression__alpha': 0.0001}, {'regressor__fourier_random_features__gamma': 0.010416666666666666, 'regressor__ridge_regression__alpha': 0.0031622776601683794}, {'regressor__fourier_random_features__gamma': 0.010416666666666666, 'regressor__ridge_regression__alpha': 0.0031622776601683794}, {'regressor__fourier_random_features__gamma': 0.010416666666666666, 'regressor__ridge_regression__alpha': 0.0031622776601683794}, {'regressor__fourier_random_features__gamma': 0.010416666666666666, 'regressor__ridge_regression__alpha': 0.1}, {'regressor__fourier_random_features__gamma': 0.010416666666666666, 'regressor__ridge_regression__alpha': 0.0031622776601683794}, {'regressor__fourier_random_features__gamma': 0.010416666666666666, 'regressor__ridge_regression__alpha': 0.0031622776601683794}, {'regressor__fourier_random_features__gamma': 0.010416666666666666, 'regressor__ridge_regression__alpha': 0.0031622776601683794}, {'regressor__fourier_random_features__gamma': 0.010416666666666666, 'regressor__ridge_regression__alpha': 0.0031622776601683794}, {'regressor__fourier_random_features__gamma': 0.010416666666666666, 'regressor__ridge_regression__alpha': 0.0031622776601683794}, {'regressor__fourier_random_features__gamma': 0.010416666666666666, 'regressor__ridge_regression__alpha': 0.0031622776601683794}, {'regressor__fourier_random_features__gamma': 0.010416666666666666, 'regressor__ridge_regression__alpha': 0.0031622776601683794}, {'regressor__fourier_random_features__gamma': 0.010416666666666666, 'regressor__ridge_regression__alpha': 0.0031622776601683794}, {'regressor__fourier_random_features__gamma': 0.010416666666666666, 'regressor__ridge_regression__alpha': 0.0031622776601683794}, {'regressor__fourier_random_features__gamma': 0.010416666666666666, 'regressor__ridge_regression__alpha': 0.1}, {'regressor__fourier_random_features__gamma': 0.010416666666666666, 'regressor__ridge_regression__alpha': 0.0031622776601683794}, {'regressor__fourier_random_features__gamma': 0.010416666666666666, 'regressor__ridge_regression__alpha': 0.0031622776601683794}, {'regressor__fourier_random_features__gamma': 0.010416666666666666, 'regressor__ridge_regression__alpha': 0.0031622776601683794}, {'regressor__fourier_random_features__gamma': 0.010416666666666666, 'regressor__ridge_regression__alpha': 0.0031622776601683794}, {'regressor__fourier_random_features__gamma': 0.010416666666666666, 'regressor__ridge_regression__alpha': 0.0031622776601683794}, {'regressor__fourier_random_features__gamma': 0.010416666666666666, 'regressor__ridge_regression__alpha': 0.1}, {'regressor__fourier_random_features__gamma': 0.010416666666666666, 'regressor__ridge_regression__alpha': 0.0031622776601683794}, {'regressor__fourier_random_features__gamma': 0.010416666666666666, 'regressor__ridge_regression__alpha': 0.0031622776601683794}, {'regressor__fourier_random_features__gamma': 0.010416666666666666, 'regressor__ridge_regression__alpha': 0.0031622776601683794}, {'regressor__fourier_random_features__gamma': 0.010416666666666666, 'regressor__ridge_regression__alpha': 0.0031622776601683794}, {'regressor__fourier_random_features__gamma': 0.0009207119546699839, 'regressor__ridge_regression__alpha': 0.0001}, {'regressor__fourier_random_features__gamma': 0.010416666666666666, 'regressor__ridge_regression__alpha': 0.0031622776601683794}, {'regressor__fourier_random_features__gamma': 0.010416666666666666, 'regressor__ridge_regression__alpha': 0.0031622776601683794}, {'regressor__fourier_random_features__gamma': 0.010416666666666666, 'regressor__ridge_regression__alpha': 0.0031622776601683794}, {'regressor__fourier_random_features__gamma': 0.010416666666666666, 'regressor__ridge_regression__alpha': 0.0031622776601683794}, {'regressor__fourier_random_features__gamma': 0.010416666666666666, 'regressor__ridge_regression__alpha': 0.0031622776601683794}, {'regressor__fourier_random_features__gamma': 0.010416666666666666, 'regressor__ridge_regression__alpha': 0.0031622776601683794}, {'regressor__fourier_random_features__gamma': 0.010416666666666666, 'regressor__ridge_regression__alpha': 0.0031622776601683794}, {'regressor__fourier_random_features__gamma': 0.010416666666666666, 'regressor__ridge_regression__alpha': 0.0031622776601683794}, {'regressor__fourier_random_features__gamma': 0.010416666666666666, 'regressor__ridge_regression__alpha': 0.0031622776601683794}, {'regressor__fourier_random_features__gamma': 0.010416666666666666, 'regressor__ridge_regression__alpha': 0.0031622776601683794}, {'regressor__fourier_random_features__gamma': 0.010416666666666666, 'regressor__ridge_regression__alpha': 0.0031622776601683794}, {'regressor__fourier_random_features__gamma': 0.010416666666666666, 'regressor__ridge_regression__alpha': 0.0031622776601683794}, {'regressor__fourier_random_features__gamma': 0.010416666666666666, 'regressor__ridge_regression__alpha': 0.0031622776601683794}, {'regressor__fourier_random_features__gamma': 0.010416666666666666, 'regressor__ridge_regression__alpha': 0.0031622776601683794}, {'regressor__fourier_random_features__gamma': 0.010416666666666666, 'regressor__ridge_regression__alpha': 0.0031622776601683794}, {'regressor__fourier_random_features__gamma': 0.010416666666666666, 'regressor__ridge_regression__alpha': 0.0031622776601683794}, {'regressor__fourier_random_features__gamma': 0.010416666666666666, 'regressor__ridge_regression__alpha': 0.0031622776601683794}, {'regressor__fourier_random_features__gamma': 0.010416666666666666, 'regressor__ridge_regression__alpha': 0.0031622776601683794}, {'regressor__fourier_random_features__gamma': 0.010416666666666666, 'regressor__ridge_regression__alpha': 0.0031622776601683794}, {'regressor__fourier_random_features__gamma': 0.010416666666666666, 'regressor__ridge_regression__alpha': 0.0031622776601683794}, {'regressor__fourier_random_features__gamma': 0.010416666666666666, 'regressor__ridge_regression__alpha': 0.0031622776601683794}], 'Best Score in CV': [0.9215262152220614, 0.9228530128594125, 0.9276274250443102, 0.9120951417625627, 0.9486598925535675, 0.9397771658409582, 0.946326744194649, 0.9460018119553286, 0.9609359977284683, 0.949747831159095, 0.953650537479945, 0.9533862635052193, 0.9642146840215468, 0.9503386930770539, 0.9637880580923313, 0.957713231612361, 0.9678610278722533, 0.9577588847302181, 0.9626743637488364, 0.9633932382068787, 0.9601845547761922, 0.9529194886500788, 0.9643881786118638, 0.9659423459757654, 0.9665305689814796, 0.9590916590379776, 0.9641984833640965, 0.963330433400059, 0.9652009852140415, 0.96042715123342, 0.9652331059152676, 0.9593318560326672, 0.966562637232794, 0.9645129972071006, 0.967713026234253, 0.9634494275764371, 0.9653778740522114, 0.9579094394481759, 0.9674660902698801, 0.9651389528246652, 0.964666158411136, 0.9678559721733112, 0.9633106359703678, 0.9661491038313841, 0.9671789173059432, 0.9645559795936126, 0.9654987894294964, 0.9683091659756619, 0.9689214696014513, 0.9662432403368542, 0.9673336805113619, 0.968637858858315, 0.9660684822824427, 0.9628301929004637, 0.9672720430703462, 0.9604987442742219, 0.9684412761435525, 0.9644227869592875, 0.9658081738384265, 0.9654420227332485, 0.965755919863793, 0.964659251261857, 0.967826628915056, 0.9689888446978767], 'cv_mean_test_score': [0.9215262152220614, 0.9228530128594125, 0.9276274250443102, 0.9120951417625627, 0.9486598925535675, 0.9397771658409582, 0.946326744194649, 0.9460018119553286, 0.9609359977284683, 0.949747831159095, 0.953650537479945, 0.9533862635052193, 0.9642146840215468, 0.9503386930770539, 0.9637880580923313, 0.957713231612361, 0.9678610278722533, 0.9577588847302181, 0.9626743637488364, 0.9633932382068787, 0.9601845547761922, 0.9529194886500788, 0.9643881786118638, 0.9659423459757654, 0.9665305689814796, 0.9590916590379776, 0.9641984833640965, 0.963330433400059, 0.9652009852140415, 0.96042715123342, 0.9652331059152676, 0.9593318560326672, 0.966562637232794, 0.9645129972071006, 0.967713026234253, 0.9634494275764371, 0.9653778740522114, 0.9579094394481759, 0.9674660902698801, 0.9651389528246652, 0.964666158411136, 0.9678559721733112, 0.9633106359703678, 0.9661491038313841, 0.9671789173059432, 0.9645559795936126, 0.9654987894294964, 0.9683091659756619, 0.9689214696014513, 0.9662432403368542, 0.9673336805113619, 0.968637858858315, 0.9660684822824427, 0.9628301929004637, 0.9672720430703462, 0.9604987442742219, 0.9684412761435525, 0.9644227869592875, 0.9658081738384265, 0.9654420227332485, 0.965755919863793, 0.964659251261857, 0.967826628915056, 0.9689888446978767], 'cv_std_test_score': [0.008781668096826251, 0.02532080078352632, 0.011944097389171448, 0.0071373561924401915, 0.00282188949574441, 0.008751411398740867, 0.005589129894812406, 0.02033650283648874, 0.004089155720687324, 0.004034432532303987, 0.009810655205474687, 0.020886940393438504, 0.003857983996002783, 0.018872333839495093, 0.0037571482503622683, 0.008193054775183253, 0.001505554176187474, 0.009997137646670868, 0.004448876561649445, 0.0036389586010941704, 0.006826061728027875, 0.004404534670476091, 0.0032450474671327514, 0.003869008718216828, 0.005604338447458233, 0.010695500871796043, 0.003169491013350462, 0.004275265482313622, 0.004701468521690867, 0.005658958511823947, 0.003936611210453769, 0.0028041178412903356, 0.004400509033732131, 0.005547555380409944, 0.00330775470042146, 0.011118029208928142, 0.006845684171551681, 0.0028796077629706287, 0.0036306412753218708, 0.004243489549147812, 0.007398773002982316, 0.0027178597241876777, 0.00475446059735513, 0.004427599067760778, 0.0052625941525657385, 0.002582461778588599, 0.0019145904631517859, 0.0027063752082133814, 0.002411304408666554, 0.0034059952714422656, 0.0032248169186163346, 0.00217234323774661, 0.005148216021827535, 0.003917886464884409, 0.004407391264400687, 0.01537098317737499, 0.002387969017226213, 0.0028467884190254826, 0.0020852179707016028, 0.0015767450253670258, 0.004725392877329211, 0.0024486433751967325, 0.0030161381977938063, 0.0014769121759263453], 'cv_mean_fit_time': [0.04080638885498047, 0.030472850799560545, 0.03176732063293457, 0.03541111946105957, 0.06864643096923828, 0.06363201141357422, 0.06545529365539551, 0.0689457893371582, 0.14205389022827147, 0.14263057708740234, 0.149962854385376, 0.14792203903198242, 0.1823103904724121, 0.18840513229370118, 0.19001302719116211, 0.18877429962158204, 0.31261653900146485, 0.3005331516265869, 0.3219794273376465, 0.3238865375518799, 0.45987534523010254, 0.42680583000183103, 0.4300804138183594, 0.45189676284790037, 0.5306127548217774, 0.5281116485595703, 0.5247722625732422, 0.531083631515503, 0.6768878936767578, 0.6767467021942138, 0.6797674655914306, 0.678156042098999, 0.7497983932495117, 0.7583276748657226, 0.7721902847290039, 0.75851411819458, 0.9301668167114258, 0.9313867568969727, 0.9435122966766357, 0.9495691299438477, 1.1216585636138916, 1.145220899581909, 1.1612802505493165, 1.1338888168334962, 1.2664709568023682, 1.2467233657836914, 1.1616197109222413, 1.1423500537872315, 1.473133134841919, 1.5043648719787597, 1.487717056274414, 1.4614404678344726, 1.484219455718994, 1.4587474822998048, 1.458578872680664, 1.4930785179138184, 1.8401140689849853, 1.6815319538116456, 1.7018043994903564, 1.6970654010772706, 2.2278911590576174, 2.2272616386413575, 2.2644715309143066, 2.0361717700958253], 'cv_std_fit_time': [0.00020742419670367803, 0.007772496344102824, 0.0027560949671023953, 0.00021394865519005333, 0.0032866553076065595, 0.009131167737919, 0.008098948605945192, 0.00035777844120250737, 0.017820212415938112, 0.01614039229636164, 0.001445153887880356, 0.003284707070750261, 0.02118180003495214, 0.02304594704228604, 0.023434554703552823, 0.024564265865776518, 0.03929196349003953, 0.04726467263591154, 0.03994674342838026, 0.039831734217993145, 0.06482926799333694, 0.07466850996852391, 0.08011703996256286, 0.05923615829630662, 0.07015322608090473, 0.06980973659136142, 0.06879896104241645, 0.07087133484892336, 0.09276897424029075, 0.09303170489154822, 0.09451015726344902, 0.09389069416053712, 0.10564892402690948, 0.11212189438671298, 0.12072463985567614, 0.11317012421217187, 0.12822454590553914, 0.13020165440212805, 0.14202086660802274, 0.14227452944156915, 0.16360836959064973, 0.17789966018733452, 0.19091753444524243, 0.16940283732956785, 0.19849519861286846, 0.19543813097154009, 0.23442135744853332, 0.23192261776681874, 0.2297070795738487, 0.23923697175982092, 0.24098627862555974, 0.2240817595968247, 0.3332358170243151, 0.3103869789201935, 0.3125617842078021, 0.3435827875585783, 0.2970006157351094, 0.3623641004606647, 0.3765474012771537, 0.3743067911749604, 0.3658724564556385, 0.369552197677279, 0.3776455862897287, 0.44751382248856103]}
