
    --------------------
    'Model: Nystrom and ridge classification 
    	Dataset: Diabetes (classification) of shape (768, 8) 	CV: 5 	n_jobs: 5
    	 params: {'nystroem__gamma': array([1.22070312e-04, 1.38106793e-03, 1.56250000e-02, 1.76776695e-01,
       2.00000000e+00]), 'ridge_classification__alpha': array([1.00000000e-04, 3.16227766e-03, 1.00000000e-01, 3.16227766e+00,
       1.00000000e+02])} 
    	 number of hyperparameter 25
    
        	 n components [7, 15, 30, 38, 53, 69, 76, 92, 99, 115, 130, 138, 153, 161, 176, 192]
        	 which correspond with the [1, 2, 4, 5, 7, 9, 10, 12, 13, 15, 17, 18, 20, 21, 23, 25] % of the data
        --------------------
        
{'percent': [1, 2, 4, 5, 7, 9, 10, 12, 13, 15, 17, 18, 20, 21, 23, 25], 'n_components': [7, 15, 30, 38, 53, 69, 76, 92, 99, 115, 130, 138, 153, 161, 176, 192], 'Mean Score in test': [0.7591145833333333, 0.7682291666666667, 0.76953125, 0.76171875, 0.7747395833333334, 0.77734375, 0.7721354166666666, 0.7721354166666667, 0.7734375, 0.7760416666666666, 0.7760416666666666, 0.7747395833333334, 0.7734375000000001, 0.7734375000000001, 0.7734375000000001, 0.7747395833333334], 'Std Score in test': [0.03362805096391916, 0.03692043458009848, 0.040574053257507486, 0.04634758263166065, 0.03726325005534945, 0.033425775138003766, 0.038516144421221477, 0.03816237210873138, 0.036551220957339065, 0.033954179193763825, 0.033954179193763825, 0.03462170781330296, 0.036365208447314945, 0.036365208447314945, 0.036365208447314945, 0.03462170781330296], 'Mean Training Time': [0.00423353910446167, 0.0048639774322509766, 0.0078029632568359375, 0.03438234329223633, 0.03410005569458008, 0.017212867736816406, 0.022272109985351562, 0.04400014877319336, 0.055782198905944824, 0.046735286712646484, 0.05788135528564453, 0.03545182943344116, 0.039228737354278564, 0.053142249584198, 0.03858679533004761, 0.0701475739479065], 'Std Training Time': [0.00011365821213194146, 0.0005363897987165945, 0.003179984831390877, 0.014055603534171195, 0.02154823191778574, 0.004295163792174333, 0.0101291339506837, 0.017526749250657808, 0.02126127768091879, 0.02014877148568693, 0.003899538693944366, 0.0003525967511789492, 0.0005763606390435163, 0.029281534170658225, 0.01521757348986141, 0.03065969115347847], 'Mean Best Score in CV': [0.7681934032983508, 0.7781934032983508, 0.7799325337331334, 0.7782271364317841, 0.7795127436281859, 0.7786469265367315, 0.7795127436281859, 0.7790779610194902, 0.7790817091454272, 0.7777773613193404, 0.7782121439280361, 0.7777773613193404, 0.779516491754123, 0.7782121439280361, 0.7782121439280361, 0.7777773613193404], 'Std Best Score in CV': [0.011280728349897826, 0.015841800903100667, 0.018480894253572383, 0.016699062886028997, 0.015685915554765117, 0.015613659320720646, 0.016341301244518627, 0.016310956974400725, 0.01565732987838562, 0.014894686050804533, 0.014915131592506719, 0.014894686050804533, 0.01702467085760654, 0.015606247189744788, 0.015606247189744788, 0.014894686050804533], 'cv_mean_test_score': [0.7681934032983508, 0.7781934032983508, 0.7799325337331334, 0.7782271364317841, 0.7795127436281859, 0.7786469265367315, 0.7795127436281859, 0.7790779610194902, 0.7790817091454272, 0.7777773613193404, 0.7782121439280361, 0.7777773613193404, 0.779516491754123, 0.7782121439280361, 0.7782121439280361, 0.7777773613193404], 'cv_std_test_score': [0.03390304822117095, 0.03364639054933013, 0.034992059053349414, 0.03951909531168996, 0.04116852764701798, 0.04275066246068408, 0.04204726292312545, 0.04124077956122234, 0.0407638361397656, 0.04185761454981507, 0.041128053940220066, 0.04082952516917175, 0.03894310692948459, 0.03839510734833308, 0.03839510734833308, 0.04067558665574904]}
{'percent': [1, 1, 1, 1, 2, 2, 2, 2, 4, 4, 4, 4, 5, 5, 5, 5, 7, 7, 7, 7, 9, 9, 9, 9, 10, 10, 10, 10, 12, 12, 12, 12, 13, 13, 13, 13, 15, 15, 15, 15, 17, 17, 17, 17, 18, 18, 18, 18, 20, 20, 20, 20, 21, 21, 21, 21, 23, 23, 23, 23, 25, 25, 25, 25], 'n_components': [7, 7, 7, 7, 15, 15, 15, 15, 30, 30, 30, 30, 38, 38, 38, 38, 53, 53, 53, 53, 69, 69, 69, 69, 76, 76, 76, 76, 92, 92, 92, 92, 99, 99, 99, 99, 115, 115, 115, 115, 130, 130, 130, 130, 138, 138, 138, 138, 153, 153, 153, 153, 161, 161, 161, 161, 176, 176, 176, 176, 192, 192, 192, 192], 'Score in test': [0.765625, 0.75, 0.7135416666666666, 0.8072916666666666, 0.8072916666666666, 0.7395833333333334, 0.7239583333333334, 0.8020833333333334, 0.8072916666666666, 0.734375, 0.7239583333333334, 0.8125, 0.7916666666666666, 0.7395833333333334, 0.6979166666666666, 0.8177083333333334, 0.796875, 0.765625, 0.71875, 0.8177083333333334, 0.796875, 0.765625, 0.7291666666666666, 0.8177083333333334, 0.7916666666666666, 0.765625, 0.7135416666666666, 0.8177083333333334, 0.796875, 0.7552083333333334, 0.71875, 0.8177083333333334, 0.7916666666666666, 0.765625, 0.71875, 0.8177083333333334, 0.796875, 0.7604166666666666, 0.7291666666666666, 0.8177083333333334, 0.796875, 0.7604166666666666, 0.7291666666666666, 0.8177083333333334, 0.796875, 0.7552083333333334, 0.7291666666666666, 0.8177083333333334, 0.796875, 0.7552083333333334, 0.7239583333333334, 0.8177083333333334, 0.796875, 0.7552083333333334, 0.7239583333333334, 0.8177083333333334, 0.796875, 0.7552083333333334, 0.7239583333333334, 0.8177083333333334, 0.796875, 0.7552083333333334, 0.7291666666666666, 0.8177083333333334], 'Training Time': [0.004408597946166992, 0.004098653793334961, 0.004181623458862305, 0.004245281219482422, 0.0057926177978515625, 0.004567384719848633, 0.004567623138427734, 0.0045282840728759766, 0.013251066207885742, 0.005223989486694336, 0.0063555240631103516, 0.00638127326965332, 0.02986931800842285, 0.013334274291992188, 0.046874284744262695, 0.04745149612426758, 0.05016779899597168, 0.0600895881652832, 0.017502546310424805, 0.008640289306640625, 0.012238502502441406, 0.013884544372558594, 0.020040512084960938, 0.022687911987304688, 0.024048328399658203, 0.013275146484375, 0.013630390167236328, 0.03813457489013672, 0.04706692695617676, 0.015508174896240234, 0.06320619583129883, 0.05021929740905762, 0.08385419845581055, 0.06572318077087402, 0.026805400848388672, 0.046746015548706055, 0.037805795669555664, 0.06123948097229004, 0.018274545669555664, 0.06962132453918457, 0.056215524673461914, 0.05620527267456055, 0.06453514099121094, 0.05456948280334473, 0.035820960998535156, 0.035060882568359375, 0.03578519821166992, 0.035140275955200195, 0.038622379302978516, 0.039255380630493164, 0.040148019790649414, 0.038889169692993164, 0.026700496673583984, 0.09424877166748047, 0.024209022521972656, 0.06741070747375488, 0.025711774826049805, 0.06330013275146484, 0.038980722427368164, 0.026354551315307617, 0.03044915199279785, 0.0544586181640625, 0.08362722396850586, 0.11205530166625977], 'Best Parameters': [{'nystroem__gamma': 0.0001220703125, 'ridge_classification__alpha': 0.0031622776601683794}, {'nystroem__gamma': 0.0001220703125, 'ridge_classification__alpha': 0.0001}, {'nystroem__gamma': 0.015625, 'ridge_classification__alpha': 0.0001}, {'nystroem__gamma': 0.0013810679320049757, 'ridge_classification__alpha': 0.0031622776601683794}, {'nystroem__gamma': 0.0001220703125, 'ridge_classification__alpha': 0.0031622776601683794}, {'nystroem__gamma': 0.015625, 'ridge_classification__alpha': 0.0001}, {'nystroem__gamma': 0.0013810679320049757, 'ridge_classification__alpha': 0.0001}, {'nystroem__gamma': 0.0001220703125, 'ridge_classification__alpha': 0.0001}, {'nystroem__gamma': 0.0001220703125, 'ridge_classification__alpha': 0.0031622776601683794}, {'nystroem__gamma': 0.0001220703125, 'ridge_classification__alpha': 0.0031622776601683794}, {'nystroem__gamma': 0.015625, 'ridge_classification__alpha': 0.1}, {'nystroem__gamma': 0.0001220703125, 'ridge_classification__alpha': 0.0001}, {'nystroem__gamma': 0.015625, 'ridge_classification__alpha': 0.1}, {'nystroem__gamma': 0.015625, 'ridge_classification__alpha': 0.0001}, {'nystroem__gamma': 0.0013810679320049757, 'ridge_classification__alpha': 0.0001}, {'nystroem__gamma': 0.0001220703125, 'ridge_classification__alpha': 0.0001}, {'nystroem__gamma': 0.015625, 'ridge_classification__alpha': 0.1}, {'nystroem__gamma': 0.0013810679320049757, 'ridge_classification__alpha': 0.0001}, {'nystroem__gamma': 0.015625, 'ridge_classification__alpha': 0.1}, {'nystroem__gamma': 0.0001220703125, 'ridge_classification__alpha': 0.0001}, {'nystroem__gamma': 0.0013810679320049757, 'ridge_classification__alpha': 0.0031622776601683794}, {'nystroem__gamma': 0.0013810679320049757, 'ridge_classification__alpha': 0.0001}, {'nystroem__gamma': 0.0013810679320049757, 'ridge_classification__alpha': 0.0031622776601683794}, {'nystroem__gamma': 0.0001220703125, 'ridge_classification__alpha': 0.0001}, {'nystroem__gamma': 0.0013810679320049757, 'ridge_classification__alpha': 0.0031622776601683794}, {'nystroem__gamma': 0.0013810679320049757, 'ridge_classification__alpha': 0.0001}, {'nystroem__gamma': 0.015625, 'ridge_classification__alpha': 0.1}, {'nystroem__gamma': 0.0001220703125, 'ridge_classification__alpha': 0.0001}, {'nystroem__gamma': 0.0013810679320049757, 'ridge_classification__alpha': 0.0031622776601683794}, {'nystroem__gamma': 0.0013810679320049757, 'ridge_classification__alpha': 0.0001}, {'nystroem__gamma': 0.015625, 'ridge_classification__alpha': 0.1}, {'nystroem__gamma': 0.0001220703125, 'ridge_classification__alpha': 0.0001}, {'nystroem__gamma': 0.0013810679320049757, 'ridge_classification__alpha': 0.0031622776601683794}, {'nystroem__gamma': 0.0013810679320049757, 'ridge_classification__alpha': 0.0001}, {'nystroem__gamma': 0.015625, 'ridge_classification__alpha': 0.1}, {'nystroem__gamma': 0.0001220703125, 'ridge_classification__alpha': 0.0001}, {'nystroem__gamma': 0.0013810679320049757, 'ridge_classification__alpha': 0.0031622776601683794}, {'nystroem__gamma': 0.0013810679320049757, 'ridge_classification__alpha': 0.0001}, {'nystroem__gamma': 0.0013810679320049757, 'ridge_classification__alpha': 0.0031622776601683794}, {'nystroem__gamma': 0.0001220703125, 'ridge_classification__alpha': 0.0001}, {'nystroem__gamma': 0.0013810679320049757, 'ridge_classification__alpha': 0.0031622776601683794}, {'nystroem__gamma': 0.0013810679320049757, 'ridge_classification__alpha': 0.0001}, {'nystroem__gamma': 0.0013810679320049757, 'ridge_classification__alpha': 0.0031622776601683794}, {'nystroem__gamma': 0.0001220703125, 'ridge_classification__alpha': 0.0001}, {'nystroem__gamma': 0.0013810679320049757, 'ridge_classification__alpha': 0.0031622776601683794}, {'nystroem__gamma': 0.0013810679320049757, 'ridge_classification__alpha': 0.0001}, {'nystroem__gamma': 0.0013810679320049757, 'ridge_classification__alpha': 0.0031622776601683794}, {'nystroem__gamma': 0.0001220703125, 'ridge_classification__alpha': 0.0001}, {'nystroem__gamma': 0.0013810679320049757, 'ridge_classification__alpha': 0.0031622776601683794}, {'nystroem__gamma': 0.0013810679320049757, 'ridge_classification__alpha': 0.0001}, {'nystroem__gamma': 0.015625, 'ridge_classification__alpha': 0.1}, {'nystroem__gamma': 0.0001220703125, 'ridge_classification__alpha': 0.0001}, {'nystroem__gamma': 0.0013810679320049757, 'ridge_classification__alpha': 0.0031622776601683794}, {'nystroem__gamma': 0.0013810679320049757, 'ridge_classification__alpha': 0.0001}, {'nystroem__gamma': 0.015625, 'ridge_classification__alpha': 0.1}, {'nystroem__gamma': 0.0001220703125, 'ridge_classification__alpha': 0.0001}, {'nystroem__gamma': 0.0013810679320049757, 'ridge_classification__alpha': 0.0031622776601683794}, {'nystroem__gamma': 0.0013810679320049757, 'ridge_classification__alpha': 0.0001}, {'nystroem__gamma': 0.015625, 'ridge_classification__alpha': 0.1}, {'nystroem__gamma': 0.0001220703125, 'ridge_classification__alpha': 0.0001}, {'nystroem__gamma': 0.0013810679320049757, 'ridge_classification__alpha': 0.0031622776601683794}, {'nystroem__gamma': 0.0013810679320049757, 'ridge_classification__alpha': 0.0001}, {'nystroem__gamma': 0.0013810679320049757, 'ridge_classification__alpha': 0.0031622776601683794}, {'nystroem__gamma': 0.0001220703125, 'ridge_classification__alpha': 0.0001}], 'Best Score in CV': [0.758680659670165, 0.7725337331334334, 0.7846776611694153, 0.7568815592203897, 0.7638980509745127, 0.782983508245877, 0.8020689655172413, 0.7638230884557722, 0.7656371814092954, 0.7777661169415293, 0.8107646176911544, 0.7655622188905546, 0.7656521739130435, 0.7778260869565219, 0.805607196401799, 0.7638230884557722, 0.7691154422788605, 0.7778110944527736, 0.8055622188905547, 0.7655622188905546, 0.7656371814092953, 0.7795652173913044, 0.803823088455772, 0.7655622188905546, 0.7656371814092953, 0.7813043478260869, 0.8055472263868066, 0.7655622188905546, 0.7656371814092953, 0.7795652173913044, 0.8055472263868066, 0.7655622188905546, 0.7656371814092953, 0.7813043478260869, 0.8038230884557722, 0.7655622188905546, 0.7656371814092953, 0.7778260869565218, 0.8020839580209895, 0.7655622188905546, 0.7656371814092953, 0.7795652173913045, 0.8020839580209895, 0.7655622188905546, 0.7656371814092953, 0.7778260869565219, 0.8020839580209895, 0.7655622188905546, 0.7656371814092953, 0.7795652173913045, 0.8073013493253374, 0.7655622188905546, 0.7656371814092953, 0.7778260869565219, 0.8038230884557722, 0.7655622188905546, 0.7656371814092953, 0.7778260869565219, 0.8038230884557722, 0.7655622188905546, 0.7656371814092953, 0.7778260869565219, 0.8020839580209895, 0.7655622188905546], 'cv_mean_test_score': [0.758680659670165, 0.7725337331334334, 0.7846776611694153, 0.7568815592203897, 0.7638980509745127, 0.782983508245877, 0.8020689655172413, 0.7638230884557722, 0.7656371814092954, 0.7777661169415293, 0.8107646176911544, 0.7655622188905546, 0.7656521739130435, 0.7778260869565219, 0.805607196401799, 0.7638230884557722, 0.7691154422788605, 0.7778110944527736, 0.8055622188905547, 0.7655622188905546, 0.7656371814092953, 0.7795652173913044, 0.803823088455772, 0.7655622188905546, 0.7656371814092953, 0.7813043478260869, 0.8055472263868066, 0.7655622188905546, 0.7656371814092953, 0.7795652173913044, 0.8055472263868066, 0.7655622188905546, 0.7656371814092953, 0.7813043478260869, 0.8038230884557722, 0.7655622188905546, 0.7656371814092953, 0.7778260869565218, 0.8020839580209895, 0.7655622188905546, 0.7656371814092953, 0.7795652173913045, 0.8020839580209895, 0.7655622188905546, 0.7656371814092953, 0.7778260869565219, 0.8020839580209895, 0.7655622188905546, 0.7656371814092953, 0.7795652173913045, 0.8073013493253374, 0.7655622188905546, 0.7656371814092953, 0.7778260869565219, 0.8038230884557722, 0.7655622188905546, 0.7656371814092953, 0.7778260869565219, 0.8038230884557722, 0.7655622188905546, 0.7656371814092953, 0.7778260869565219, 0.8020839580209895, 0.7655622188905546], 'cv_std_test_score': [0.029807208996724243, 0.0324767393332156, 0.032972657340118894, 0.04035558721462504, 0.0348825529928441, 0.03690014280535795, 0.02304994939274166, 0.039752917006376794, 0.03243463167151742, 0.03049578453863998, 0.037452510713817215, 0.03958530928942304, 0.028853321779194904, 0.04881197287195198, 0.04181630494782712, 0.03859478164778585, 0.03860923405582382, 0.052186663729987225, 0.035851725654855345, 0.038026487147405516, 0.038411531931871704, 0.05546844672632022, 0.03909618403713888, 0.038026487147405516, 0.038411531931871704, 0.05754262002283722, 0.03420841259038738, 0.038026487147405516, 0.038411531931871704, 0.05708084672096106, 0.03144425244465106, 0.038026487147405516, 0.038411531931871704, 0.054297367880866663, 0.032319957598918495, 0.038026487147405516, 0.038411531931871704, 0.053540084448216146, 0.037452354671766934, 0.038026487147405516, 0.038411531931871704, 0.05062184200983613, 0.037452354671766934, 0.038026487147405516, 0.038411531931871704, 0.049427726925642824, 0.037452354671766934, 0.038026487147405516, 0.038411531931871704, 0.05062184200983613, 0.028712566628825018, 0.038026487147405516, 0.038411531931871704, 0.04881197287195198, 0.028330437442103132, 0.038026487147405516, 0.038411531931871704, 0.04881197287195198, 0.028330437442103132, 0.038026487147405516, 0.038411531931871704, 0.04881197287195198, 0.037452354671766934, 0.038026487147405516]}
