
    --------------------
    'Model: Random Fourier features and ridge classification 
    	Dataset: Diabetes (classification) of shape (768, 8) 	CV: 5 	n_jobs: 5
    	 params: {'fourier_random_features__gamma': [0.0001220703125, 0.0013810679320049757, 0.015625, 0.1767766952966369, 2.0], 'ridge_classification__alpha': array([1.00000000e-04, 3.16227766e-03, 1.00000000e-01, 3.16227766e+00,
       1.00000000e+02])} 
    	 number of hyperparameter 25
    
        	 n components [7, 15, 30, 38, 53, 69, 76, 92, 99, 115, 130, 138, 153, 161, 176, 192]
        	 which correspond with the [1, 2, 4, 5, 7, 9, 10, 12, 13, 15, 17, 18, 20, 21, 23, 25] % of the data
        --------------------
        
{'percent': [1, 2, 4, 5, 7, 9, 10, 12, 13, 15, 17, 18, 20, 21, 23, 25], 'n_components': [7, 15, 30, 38, 53, 69, 76, 92, 99, 115, 130, 138, 153, 161, 176, 192], 'Mean Score in test': [0.7591145833333333, 0.7682291666666667, 0.7734374999999999, 0.7708333333333333, 0.7708333333333333, 0.765625, 0.77734375, 0.765625, 0.7721354166666667, 0.7747395833333334, 0.7643229166666667, 0.7591145833333334, 0.765625, 0.7695312499999999, 0.765625, 0.7669270833333334], 'Std Score in test': [0.041727657184797054, 0.033854166666666685, 0.04302789490067266, 0.04017512661599352, 0.03474391683366235, 0.03210632293213008, 0.0434786662944375, 0.04730703678277332, 0.04074085376865107, 0.03634188993998144, 0.03816237210873138, 0.035011275155595704, 0.04310662853449697, 0.03886669676197733, 0.0448037774325137, 0.03671320880174919], 'Mean Training Time': [0.0036894679069519043, 0.004609644412994385, 0.005774080753326416, 0.0061942338943481445, 0.012101829051971436, 0.015975534915924072, 0.011507749557495117, 0.012880265712738037, 0.018534064292907715, 0.017045438289642334, 0.01409900188446045, 0.013238489627838135, 0.0158538818359375, 0.03108036518096924, 0.029036223888397217, 0.030851781368255615], 'Std Training Time': [0.0003765225882241076, 0.0008211646291044569, 0.002535215720276398, 0.001599488753455738, 0.005222645842382778, 0.008368433573399467, 0.002601489137194326, 0.0030439109166170916, 0.003964106376693388, 0.009283957868403456, 0.003035785708021986, 0.003115016959517884, 0.0032667224498799767, 0.005911307907331711, 0.008046221094796888, 0.01414396966481842], 'Mean Best Score in CV': [0.7656071964017991, 0.7751686656671665, 0.7760457271364317, 0.779538980509745, 0.778208395802099, 0.7790667166416791, 0.7812293853073462, 0.7777623688155922, 0.7803823088455771, 0.7808095952023989, 0.7786394302848576, 0.7777811094452775, 0.7777773613193404, 0.7782046476761619, 0.7786506746626687, 0.7795052473763119], 'Std Best Score in CV': [0.017907342332751378, 0.0133816783552948, 0.014791886292404983, 0.014476519615395155, 0.014559598941357787, 0.015013771927356487, 0.019928508919281617, 0.015245011436899504, 0.019200541094107158, 0.019921497740161765, 0.016668948493536093, 0.016334960662714015, 0.015292410320470682, 0.017976422673252567, 0.013495472914235912, 0.015296237417324393], 'cv_mean_test_score': [0.7656071964017991, 0.7751686656671665, 0.7760457271364317, 0.779538980509745, 0.778208395802099, 0.7790667166416791, 0.7812293853073462, 0.7777623688155922, 0.7803823088455771, 0.7808095952023989, 0.7786394302848576, 0.7777811094452775, 0.7777773613193404, 0.7782046476761619, 0.7786506746626687, 0.7795052473763119], 'cv_std_test_score': [0.03273768779359371, 0.033614181727171344, 0.03440443614291116, 0.03278460964341666, 0.03737631466494984, 0.03602901099756198, 0.03167474519585378, 0.03486604300985182, 0.04002796043727823, 0.03194946581252609, 0.036660938751283456, 0.03636860174595459, 0.030569470313261314, 0.03611932992281333, 0.03565190692955592, 0.033253789920457535]}
{'percent': [1, 1, 1, 1, 2, 2, 2, 2, 4, 4, 4, 4, 5, 5, 5, 5, 7, 7, 7, 7, 9, 9, 9, 9, 10, 10, 10, 10, 12, 12, 12, 12, 13, 13, 13, 13, 15, 15, 15, 15, 17, 17, 17, 17, 18, 18, 18, 18, 20, 20, 20, 20, 21, 21, 21, 21, 23, 23, 23, 23, 25, 25, 25, 25], 'n_components': [7, 7, 7, 7, 15, 15, 15, 15, 30, 30, 30, 30, 38, 38, 38, 38, 53, 53, 53, 53, 69, 69, 69, 69, 76, 76, 76, 76, 92, 92, 92, 92, 99, 99, 99, 99, 115, 115, 115, 115, 130, 130, 130, 130, 138, 138, 138, 138, 153, 153, 153, 153, 161, 161, 161, 161, 176, 176, 176, 176, 192, 192, 192, 192], 'Score in test': [0.7760416666666666, 0.75, 0.6979166666666666, 0.8125, 0.8020833333333334, 0.734375, 0.734375, 0.8020833333333334, 0.8072916666666666, 0.7447916666666666, 0.71875, 0.8229166666666666, 0.796875, 0.734375, 0.7291666666666666, 0.8229166666666666, 0.8125, 0.7447916666666666, 0.7291666666666666, 0.796875, 0.7864583333333334, 0.734375, 0.734375, 0.8072916666666666, 0.8125, 0.7395833333333334, 0.7291666666666666, 0.828125, 0.8072916666666666, 0.7447916666666666, 0.6979166666666666, 0.8125, 0.8125, 0.7395833333333334, 0.7239583333333334, 0.8125, 0.8020833333333334, 0.75, 0.7291666666666666, 0.8177083333333334, 0.78125, 0.7395833333333334, 0.71875, 0.8177083333333334, 0.7395833333333334, 0.765625, 0.71875, 0.8125, 0.8072916666666666, 0.7395833333333334, 0.7083333333333334, 0.8072916666666666, 0.8072916666666666, 0.7447916666666666, 0.71875, 0.8072916666666666, 0.796875, 0.7447916666666666, 0.703125, 0.8177083333333334, 0.78125, 0.75, 0.71875, 0.8177083333333334], 'Training Time': [0.004340410232543945, 0.003488302230834961, 0.0034940242767333984, 0.0034351348876953125, 0.003811359405517578, 0.003766298294067383, 0.0054051876068115234, 0.005455732345581055, 0.004360675811767578, 0.010164737701416016, 0.004256486892700195, 0.004314422607421875, 0.007861137390136719, 0.007724761962890625, 0.004578351974487305, 0.00461268424987793, 0.016844987869262695, 0.009354829788208008, 0.01731133460998535, 0.0048961639404296875, 0.008615732192993164, 0.012912988662719727, 0.012179374694824219, 0.03019404411315918, 0.013091325759887695, 0.013057470321655273, 0.012878179550170898, 0.0070040225982666016, 0.01462697982788086, 0.01474618911743164, 0.014538288116455078, 0.00760960578918457, 0.01504969596862793, 0.024644851684570312, 0.01499319076538086, 0.019448518753051758, 0.012751579284667969, 0.03228497505187988, 0.0074384212493896484, 0.015706777572631836, 0.01435399055480957, 0.014487743377685547, 0.009508609771728516, 0.018045663833618164, 0.01118922233581543, 0.01768636703491211, 0.009594440460205078, 0.014483928680419922, 0.01851367950439453, 0.016141176223754883, 0.010431528091430664, 0.018329143524169922, 0.0373988151550293, 0.03445911407470703, 0.02168107032775879, 0.030782461166381836, 0.02311396598815918, 0.020302534103393555, 0.03187990188598633, 0.040848493576049805, 0.04559636116027832, 0.04345846176147461, 0.012184619903564453, 0.022167682647705078], 'Best Parameters': [{'fourier_random_features__gamma': 0.0013810679320049757, 'ridge_classification__alpha': 0.0001}, {'fourier_random_features__gamma': 0.0013810679320049757, 'ridge_classification__alpha': 0.0031622776601683794}, {'fourier_random_features__gamma': 0.0013810679320049757, 'ridge_classification__alpha': 0.1}, {'fourier_random_features__gamma': 0.0013810679320049757, 'ridge_classification__alpha': 0.1}, {'fourier_random_features__gamma': 0.0013810679320049757, 'ridge_classification__alpha': 0.0001}, {'fourier_random_features__gamma': 0.0001220703125, 'ridge_classification__alpha': 0.0001}, {'fourier_random_features__gamma': 0.0013810679320049757, 'ridge_classification__alpha': 0.0001}, {'fourier_random_features__gamma': 0.0001220703125, 'ridge_classification__alpha': 0.0001}, {'fourier_random_features__gamma': 0.0001220703125, 'ridge_classification__alpha': 0.0031622776601683794}, {'fourier_random_features__gamma': 0.015625, 'ridge_classification__alpha': 0.0031622776601683794}, {'fourier_random_features__gamma': 0.0013810679320049757, 'ridge_classification__alpha': 0.0031622776601683794}, {'fourier_random_features__gamma': 0.0013810679320049757, 'ridge_classification__alpha': 0.0031622776601683794}, {'fourier_random_features__gamma': 0.0013810679320049757, 'ridge_classification__alpha': 0.0031622776601683794}, {'fourier_random_features__gamma': 0.0013810679320049757, 'ridge_classification__alpha': 0.0031622776601683794}, {'fourier_random_features__gamma': 0.0013810679320049757, 'ridge_classification__alpha': 0.0001}, {'fourier_random_features__gamma': 0.015625, 'ridge_classification__alpha': 0.1}, {'fourier_random_features__gamma': 0.0001220703125, 'ridge_classification__alpha': 0.0001}, {'fourier_random_features__gamma': 0.015625, 'ridge_classification__alpha': 3.1622776601683795}, {'fourier_random_features__gamma': 0.015625, 'ridge_classification__alpha': 0.1}, {'fourier_random_features__gamma': 0.0001220703125, 'ridge_classification__alpha': 0.0001}, {'fourier_random_features__gamma': 0.015625, 'ridge_classification__alpha': 0.1}, {'fourier_random_features__gamma': 0.0001220703125, 'ridge_classification__alpha': 0.0031622776601683794}, {'fourier_random_features__gamma': 0.0013810679320049757, 'ridge_classification__alpha': 0.0031622776601683794}, {'fourier_random_features__gamma': 0.0001220703125, 'ridge_classification__alpha': 0.0001}, {'fourier_random_features__gamma': 0.0013810679320049757, 'ridge_classification__alpha': 0.0031622776601683794}, {'fourier_random_features__gamma': 0.0013810679320049757, 'ridge_classification__alpha': 0.1}, {'fourier_random_features__gamma': 0.0013810679320049757, 'ridge_classification__alpha': 0.0031622776601683794}, {'fourier_random_features__gamma': 0.0001220703125, 'ridge_classification__alpha': 0.0001}, {'fourier_random_features__gamma': 0.0013810679320049757, 'ridge_classification__alpha': 0.0031622776601683794}, {'fourier_random_features__gamma': 0.0013810679320049757, 'ridge_classification__alpha': 0.0031622776601683794}, {'fourier_random_features__gamma': 0.015625, 'ridge_classification__alpha': 0.0031622776601683794}, {'fourier_random_features__gamma': 0.0001220703125, 'ridge_classification__alpha': 0.0001}, {'fourier_random_features__gamma': 0.0013810679320049757, 'ridge_classification__alpha': 0.1}, {'fourier_random_features__gamma': 0.0001220703125, 'ridge_classification__alpha': 0.0001}, {'fourier_random_features__gamma': 0.0013810679320049757, 'ridge_classification__alpha': 0.0031622776601683794}, {'fourier_random_features__gamma': 0.0001220703125, 'ridge_classification__alpha': 0.0001}, {'fourier_random_features__gamma': 0.0001220703125, 'ridge_classification__alpha': 0.0031622776601683794}, {'fourier_random_features__gamma': 0.0013810679320049757, 'ridge_classification__alpha': 0.1}, {'fourier_random_features__gamma': 0.015625, 'ridge_classification__alpha': 0.1}, {'fourier_random_features__gamma': 0.0001220703125, 'ridge_classification__alpha': 0.0001}, {'fourier_random_features__gamma': 0.015625, 'ridge_classification__alpha': 0.1}, {'fourier_random_features__gamma': 0.015625, 'ridge_classification__alpha': 3.1622776601683795}, {'fourier_random_features__gamma': 0.0013810679320049757, 'ridge_classification__alpha': 0.0031622776601683794}, {'fourier_random_features__gamma': 0.0001220703125, 'ridge_classification__alpha': 0.0001}, {'fourier_random_features__gamma': 0.1767766952966369, 'ridge_classification__alpha': 3.1622776601683795}, {'fourier_random_features__gamma': 0.0013810679320049757, 'ridge_classification__alpha': 0.0001}, {'fourier_random_features__gamma': 0.0013810679320049757, 'ridge_classification__alpha': 0.0031622776601683794}, {'fourier_random_features__gamma': 0.0001220703125, 'ridge_classification__alpha': 0.0001}, {'fourier_random_features__gamma': 0.0001220703125, 'ridge_classification__alpha': 0.0001}, {'fourier_random_features__gamma': 0.0013810679320049757, 'ridge_classification__alpha': 0.1}, {'fourier_random_features__gamma': 0.0013810679320049757, 'ridge_classification__alpha': 0.0001}, {'fourier_random_features__gamma': 0.0001220703125, 'ridge_classification__alpha': 0.0001}, {'fourier_random_features__gamma': 0.0013810679320049757, 'ridge_classification__alpha': 0.0031622776601683794}, {'fourier_random_features__gamma': 0.015625, 'ridge_classification__alpha': 3.1622776601683795}, {'fourier_random_features__gamma': 0.0013810679320049757, 'ridge_classification__alpha': 0.0031622776601683794}, {'fourier_random_features__gamma': 0.0013810679320049757, 'ridge_classification__alpha': 0.1}, {'fourier_random_features__gamma': 0.0013810679320049757, 'ridge_classification__alpha': 0.0031622776601683794}, {'fourier_random_features__gamma': 0.0013810679320049757, 'ridge_classification__alpha': 0.1}, {'fourier_random_features__gamma': 0.0013810679320049757, 'ridge_classification__alpha': 0.0001}, {'fourier_random_features__gamma': 0.0001220703125, 'ridge_classification__alpha': 0.0001}, {'fourier_random_features__gamma': 0.015625, 'ridge_classification__alpha': 0.1}, {'fourier_random_features__gamma': 0.0001220703125, 'ridge_classification__alpha': 0.0001}, {'fourier_random_features__gamma': 0.015625, 'ridge_classification__alpha': 0.1}, {'fourier_random_features__gamma': 0.0001220703125, 'ridge_classification__alpha': 0.0001}], 'Best Score in CV': [0.7465667166416792, 0.7725337331334333, 0.7916491754122937, 0.75167916041979, 0.7638830584707648, 0.77952023988006, 0.7951574212893553, 0.7621139430284858, 0.7639130434782608, 0.782983508245877, 0.796896551724138, 0.7603898050974512, 0.7708545727136432, 0.7847526236881559, 0.8003748125937031, 0.7621739130434781, 0.7656371814092954, 0.7777961019490256, 0.8020989505247377, 0.7673013493253373, 0.7743328335832083, 0.7795052473763118, 0.8020689655172415, 0.7603598200899551, 0.7673463268365817, 0.7795052473763119, 0.8142428785607196, 0.7638230884557722, 0.762143928035982, 0.782983508245877, 0.800344827586207, 0.7655772113943028, 0.7656521739130435, 0.7777961019490255, 0.812503748125937, 0.7655772113943028, 0.7656371814092954, 0.7829835082458771, 0.8124887556221889, 0.7621289355322339, 0.7639430284857571, 0.7795352323838081, 0.8055322338830585, 0.7655472263868066, 0.7656971514242878, 0.7830134932533734, 0.8020689655172415, 0.7603448275862069, 0.7656521739130435, 0.779505247376312, 0.8020989505247377, 0.7638530734632683, 0.7639130434782608, 0.782983508245877, 0.8055472263868066, 0.7603748125937033, 0.7691454272863567, 0.7829985007496252, 0.7986356821589207, 0.7638230884557722, 0.7673613193403298, 0.7812593703148425, 0.8038230884557722, 0.7655772113943028], 'cv_mean_test_score': [0.7465667166416792, 0.7725337331334333, 0.7916491754122937, 0.75167916041979, 0.7638830584707648, 0.77952023988006, 0.7951574212893553, 0.7621139430284858, 0.7639130434782608, 0.782983508245877, 0.796896551724138, 0.7603898050974512, 0.7708545727136432, 0.7847526236881559, 0.8003748125937031, 0.7621739130434781, 0.7656371814092954, 0.7777961019490256, 0.8020989505247377, 0.7673013493253373, 0.7743328335832083, 0.7795052473763118, 0.8020689655172415, 0.7603598200899551, 0.7673463268365817, 0.7795052473763119, 0.8142428785607196, 0.7638230884557722, 0.762143928035982, 0.782983508245877, 0.800344827586207, 0.7655772113943028, 0.7656521739130435, 0.7777961019490255, 0.812503748125937, 0.7655772113943028, 0.7656371814092954, 0.7829835082458771, 0.8124887556221889, 0.7621289355322339, 0.7639430284857571, 0.7795352323838081, 0.8055322338830585, 0.7655472263868066, 0.7656971514242878, 0.7830134932533734, 0.8020689655172415, 0.7603448275862069, 0.7656521739130435, 0.779505247376312, 0.8020989505247377, 0.7638530734632683, 0.7639130434782608, 0.782983508245877, 0.8055472263868066, 0.7603748125937033, 0.7691454272863567, 0.7829985007496252, 0.7986356821589207, 0.7638230884557722, 0.7673613193403298, 0.7812593703148425, 0.8038230884557722, 0.7655772113943028], 'cv_std_test_score': [0.040659227905764574, 0.03247673933321558, 0.03121436399954313, 0.026600419935851587, 0.03983642256405757, 0.034558238230593286, 0.024789079206930256, 0.03527298690710428, 0.032986220414592454, 0.03850459097073095, 0.02924313125307094, 0.03688380193325029, 0.03024142238282383, 0.03685545327333403, 0.037537648736416275, 0.026503914181092485, 0.034687664451881976, 0.03403359112852425, 0.043012759037704164, 0.03777124404168897, 0.03948268390005255, 0.027335228158876373, 0.037123861253651275, 0.040174270677667726, 0.02172131824682159, 0.035516086387152, 0.0308667945016557, 0.03859478164778585, 0.0355203391043257, 0.03850459097073095, 0.029109389063139698, 0.03632985290121093, 0.03586363587356744, 0.043057374502129216, 0.044860978472205326, 0.03632985290121093, 0.03243463167151742, 0.026385869548579206, 0.0346614106213292, 0.03431595140867855, 0.03452646991593355, 0.0348908129287777, 0.03428626631838076, 0.042940205842041834, 0.03463059373095324, 0.041359195945580976, 0.02669783974705031, 0.042786777560233816, 0.03323741713672416, 0.03239864449967841, 0.022787816604344948, 0.03385400301229773, 0.03926546749521959, 0.03850459097073095, 0.03550989625484407, 0.03119736497045871, 0.045266676658622496, 0.02899499060772893, 0.028593043445495476, 0.039752917006376794, 0.02715223143715936, 0.03170792261084942, 0.03909618403713888, 0.035058821596682485]}
