
    --------------------
    'Model: Nystrom and ridge classification 
    	Dataset: w3a (classification) of shape (4912, 300) 	CV: 5 	n_jobs: 5
    	 params: {'nystroem__gamma': array([3.25520833e-06, 3.68284782e-05, 4.16666667e-04, 4.71404521e-03,
       5.33333333e-02]), 'ridge_classification__alpha': array([1.00000000e-04, 3.16227766e-03, 1.00000000e-01, 3.16227766e+00,
       1.00000000e+02])} 
    	 number of hyperparameter 25
    
        	 n components [49, 98, 196, 245, 343, 442, 491, 589, 638, 736, 835, 884, 982, 1031, 1129, 1228]
        	 which correspond with the [1, 2, 4, 5, 7, 9, 10, 12, 13, 15, 17, 18, 20, 21, 23, 25] % of the data
        --------------------
        
{'percent': [1, 2, 4, 5, 7, 9, 10, 12, 13, 15, 17, 18, 20, 21, 23, 25], 'n_components': [49, 98, 196, 245, 343, 442, 491, 589, 638, 736, 835, 884, 982, 1031, 1129, 1228], 'Mean Score in test': [0.9770279010638535, 0.9783883845930816, 0.9806632914780203, 0.9775408702633985, 0.9780984454802953, 0.9787675357405714, 0.9816669268684346, 0.9780761424716194, 0.9790574748533577, 0.9796596560876062, 0.9795927470615786, 0.9795927470615786, 0.9807971095300756, 0.9799718982090684, 0.9788567477752749, 0.9801949282958271], 'Std Score in test': [0.0, 0.0, 0.0, 0.0, 0.0, 0.0, 0.0, 0.0, 0.0, 0.0, 0.0, 0.0, 0.0, 0.0, 0.0, 0.0], 'Mean Training Time': [0.12122583389282227, 0.15755844116210938, 0.2262401580810547, 0.2903449535369873, 0.32332801818847656, 0.43683576583862305, 0.46207356452941895, 0.5778594017028809, 0.7094871997833252, 0.7643406391143799, 0.9683108329772949, 0.9963335990905762, 1.2228262424468994, 1.3046519756317139, 1.4131677150726318, 1.6371738910675049], 'Std Training Time': [0.0, 0.0, 0.0, 0.0, 0.0, 0.0, 0.0, 0.0, 0.0, 0.0, 0.0, 0.0, 0.0, 0.0, 0.0, 0.0], 'Mean Best Score in CV': [0.9769971387311381, 0.9763859335796111, 0.9747580559946794, 0.9745543900068994, 0.9745543900068994, 0.9741474724077133, 0.9745533540659645, 0.9741472652195263, 0.9741462292785915, 0.9741472652195263, 0.9733326012684062, 0.973129349657, 0.9733323940802192, 0.9737393116794053, 0.9733323940802192, 0.9733323940802192], 'Std Best Score in CV': [0.0, 0.0, 0.0, 0.0, 0.0, 0.0, 0.0, 0.0, 0.0, 0.0, 0.0, 0.0, 0.0, 0.0, 0.0, 0.0], 'cv_mean_test_score': [0.9769971387311381, 0.9763859335796111, 0.9747580559946794, 0.9745543900068994, 0.9745543900068994, 0.9741474724077133, 0.9745533540659645, 0.9741472652195263, 0.9741462292785915, 0.9741472652195263, 0.9733326012684062, 0.973129349657, 0.9733323940802192, 0.9737393116794053, 0.9733323940802192, 0.9733323940802192], 'cv_std_test_score': [0.005911241403451798, 0.005506220619170986, 0.005350718841765161, 0.006230094225028026, 0.007157703471944399, 0.00799310883540242, 0.0047220816179082805, 0.007485457227249313, 0.004919064072794159, 0.00699963125947095, 0.00705323080933048, 0.007457383032717519, 0.006007951739880817, 0.005726748523458518, 0.007645197512160153, 0.006007951739880817], 'cv_mean_fit_time': [0.0669492244720459, 0.09601716995239258, 0.16609549522399902, 0.1987922191619873, 0.3106571674346924, 0.4506531238555908, 0.5338774204254151, 0.7528154373168945, 0.9355088710784912, 1.1644115447998047, 1.5087019443511962, 1.530249261856079, 2.2205278873443604, 2.5632267951965333, 3.040861988067627, 3.733342695236206], 'cv_std_fit_time': [0.008429653289188469, 0.018189781463255943, 0.027935812288269794, 0.028048341038876386, 0.04904974769680277, 0.04926424344115763, 0.030373787696306546, 0.10909004877849847, 0.11112229400392709, 0.21733133578659802, 0.25523606654420095, 0.25681968343227246, 0.4467983211612898, 0.43748512443566395, 0.9214444795251443, 1.0156084918898924]}
{'percent': [1, 2, 4, 5, 7, 9, 10, 12, 13, 15, 17, 18, 20, 21, 23, 25], 'n_components': [49, 98, 196, 245, 343, 442, 491, 589, 638, 736, 835, 884, 982, 1031, 1129, 1228], 'Score in test': [0.9770279010638535, 0.9783883845930816, 0.9806632914780203, 0.9775408702633985, 0.9780984454802953, 0.9787675357405714, 0.9816669268684346, 0.9780761424716194, 0.9790574748533577, 0.9796596560876062, 0.9795927470615786, 0.9795927470615786, 0.9807971095300756, 0.9799718982090684, 0.9788567477752749, 0.9801949282958271], 'Training Time': [0.12122583389282227, 0.15755844116210938, 0.2262401580810547, 0.2903449535369873, 0.32332801818847656, 0.43683576583862305, 0.46207356452941895, 0.5778594017028809, 0.7094871997833252, 0.7643406391143799, 0.9683108329772949, 0.9963335990905762, 1.2228262424468994, 1.3046519756317139, 1.4131677150726318, 1.6371738910675049], 'Best Parameters': [{'nystroem__gamma': 0.0004166666666666667, 'ridge_classification__alpha': 0.1}, {'nystroem__gamma': 0.0004166666666666667, 'ridge_classification__alpha': 0.0001}, {'nystroem__gamma': 0.0004166666666666667, 'ridge_classification__alpha': 0.0031622776601683794}, {'nystroem__gamma': 0.0004166666666666667, 'ridge_classification__alpha': 3.1622776601683795}, {'nystroem__gamma': 0.0004166666666666667, 'ridge_classification__alpha': 3.1622776601683795}, {'nystroem__gamma': 0.0004166666666666667, 'ridge_classification__alpha': 3.1622776601683795}, {'nystroem__gamma': 0.0004166666666666667, 'ridge_classification__alpha': 0.1}, {'nystroem__gamma': 0.0004166666666666667, 'ridge_classification__alpha': 3.1622776601683795}, {'nystroem__gamma': 0.0004166666666666667, 'ridge_classification__alpha': 3.1622776601683795}, {'nystroem__gamma': 0.0004166666666666667, 'ridge_classification__alpha': 3.1622776601683795}, {'nystroem__gamma': 0.0004166666666666667, 'ridge_classification__alpha': 3.1622776601683795}, {'nystroem__gamma': 0.0004166666666666667, 'ridge_classification__alpha': 3.1622776601683795}, {'nystroem__gamma': 0.0004166666666666667, 'ridge_classification__alpha': 3.1622776601683795}, {'nystroem__gamma': 0.0004166666666666667, 'ridge_classification__alpha': 3.1622776601683795}, {'nystroem__gamma': 0.0004166666666666667, 'ridge_classification__alpha': 3.1622776601683795}, {'nystroem__gamma': 0.0004166666666666667, 'ridge_classification__alpha': 3.1622776601683795}], 'Best Score in CV': [0.9769971387311381, 0.9763859335796111, 0.9747580559946794, 0.9745543900068994, 0.9745543900068994, 0.9741474724077133, 0.9745533540659645, 0.9741472652195263, 0.9741462292785915, 0.9741472652195263, 0.9733326012684062, 0.973129349657, 0.9733323940802192, 0.9737393116794053, 0.9733323940802192, 0.9733323940802192], 'cv_mean_test_score': [0.9769971387311381, 0.9763859335796111, 0.9747580559946794, 0.9745543900068994, 0.9745543900068994, 0.9741474724077133, 0.9745533540659645, 0.9741472652195263, 0.9741462292785915, 0.9741472652195263, 0.9733326012684062, 0.973129349657, 0.9733323940802192, 0.9737393116794053, 0.9733323940802192, 0.9733323940802192], 'cv_std_test_score': [0.005911241403451798, 0.005506220619170986, 0.005350718841765161, 0.006230094225028026, 0.007157703471944399, 0.00799310883540242, 0.0047220816179082805, 0.007485457227249313, 0.004919064072794159, 0.00699963125947095, 0.00705323080933048, 0.007457383032717519, 0.006007951739880817, 0.005726748523458518, 0.007645197512160153, 0.006007951739880817], 'cv_mean_fit_time': [0.0669492244720459, 0.09601716995239258, 0.16609549522399902, 0.1987922191619873, 0.3106571674346924, 0.4506531238555908, 0.5338774204254151, 0.7528154373168945, 0.9355088710784912, 1.1644115447998047, 1.5087019443511962, 1.530249261856079, 2.2205278873443604, 2.5632267951965333, 3.040861988067627, 3.733342695236206], 'cv_std_fit_time': [0.008429653289188469, 0.018189781463255943, 0.027935812288269794, 0.028048341038876386, 0.04904974769680277, 0.04926424344115763, 0.030373787696306546, 0.10909004877849847, 0.11112229400392709, 0.21733133578659802, 0.25523606654420095, 0.25681968343227246, 0.4467983211612898, 0.43748512443566395, 0.9214444795251443, 1.0156084918898924]}
