
    --------------------
    'Model: Nystrom and SVC 
    	Dataset: w3a (classification) of shape (4912, 300) 	CV: 5 	n_jobs: 5
    	 params: {'nystroem__gamma': array([3.25520833e-06, 3.68284782e-05, 4.16666667e-04, 4.71404521e-03,
       5.33333333e-02]), 'svm__C': array([1.00000000e-04, 3.16227766e-03, 1.00000000e-01, 3.16227766e+00,
       1.00000000e+02])} 
    	 number of hyperparameter 25
    
        	 n components [49, 98, 196, 245, 343, 442, 491, 589, 638, 736, 835, 884, 982, 1031, 1129, 1228]
        	 which correspond with the [1, 2, 4, 5, 7, 9, 10, 12, 13, 15, 17, 18, 20, 21, 23, 25] % of the data
        --------------------
        
{'percent': [1, 2, 4, 5, 7, 9, 10, 12, 13, 15, 17, 18, 20, 21, 23, 25], 'n_components': [49, 98, 196, 245, 343, 442, 491, 589, 638, 736, 835, 884, 982, 1031, 1129, 1228], 'Mean Score in test': [0.9791689898967371, 0.9792805049401164, 0.9804625643999375, 0.9759573566474118, 0.9817115328857863, 0.9813546847469724, 0.9812654727122689, 0.9816446238597587, 0.9778977184022125, 0.9822468050940072, 0.9702031804090372, 0.9834511675625042, 0.9791243838793853, 0.9824252291634141, 0.9817338358944622, 0.9702031804090372], 'Std Score in test': [0.0, 0.0, 0.0, 0.0, 0.0, 0.0, 0.0, 0.0, 0.0, 0.0, 0.0, 0.0, 0.0, 0.0, 0.0, 0.0], 'Mean Training Time': [0.26120734214782715, 0.26053285598754883, 0.4477674961090088, 0.4434683322906494, 0.5528149604797363, 0.8594682216644287, 1.0134227275848389, 1.3643362522125244, 1.4061686992645264, 1.2664837837219238, 1.5529553890228271, 2.0078353881835938, 2.2405104637145996, 2.4306395053863525, 2.623021125793457, 3.022749662399292], 'Std Training Time': [0.0, 0.0, 0.0, 0.0, 0.0, 0.0, 0.0, 0.0, 0.0, 0.0, 0.0, 0.0, 0.0, 0.0, 0.0, 0.0], 'Mean Best Score in CV': [0.9759786016040511, 0.9755714768166779, 0.9743501024545583, 0.9739417345380635, 0.9735364744443731, 0.9745537684423384, 0.9721112269062868, 0.9731293496569998, 0.9715002289429465, 0.9727226392460008, 0.9708877806622978, 0.9719077681066937, 0.9710922754028257, 0.9725183516936597, 0.972518144505473, 0.9708877806622978], 'Std Best Score in CV': [0.0, 0.0, 0.0, 0.0, 0.0, 0.0, 0.0, 0.0, 0.0, 0.0, 0.0, 0.0, 0.0, 0.0, 0.0, 0.0], 'cv_mean_test_score': [0.9759786016040511, 0.9755714768166779, 0.9743501024545583, 0.9739417345380635, 0.9735364744443731, 0.9745537684423384, 0.9721112269062868, 0.9731293496569998, 0.9715002289429465, 0.9727226392460008, 0.9708877806622978, 0.9719077681066937, 0.9710922754028257, 0.9725183516936597, 0.972518144505473, 0.9708877806622978], 'cv_std_test_score': [0.005626271838956224, 0.00567677623999649, 0.006245814032293007, 0.003995716787922508, 0.005923376181920057, 0.006198756356578873, 0.00512098447560347, 0.006249686873456019, 0.004674486554972465, 0.007615845713816541, 0.0004891889916047848, 0.009015418925884307, 0.005165933272949012, 0.005488572139103631, 0.005747073665587041, 0.0004891889916047848], 'cv_mean_fit_time': [0.12344493865966796, 0.15941028594970702, 0.3452340602874756, 0.5769131183624268, 0.7539200782775879, 1.0717223644256593, 1.1909839153289794, 1.484940195083618, 1.6946446895599365, 1.9971395015716553, 2.2892297744750976, 2.3965421676635743, 3.2605772495269774, 3.4078959941864015, 4.289814567565918, 5.1584014892578125], 'cv_std_fit_time': [0.023963409530725305, 0.03375898366170439, 0.09680192040972858, 0.10978425721947371, 0.15787499509637, 0.1872382290560695, 0.1986206831528057, 0.3953033137934829, 0.41392013609451433, 0.41653341755133577, 0.4222292063876948, 0.5702647787022221, 0.6665132719235968, 0.7629922967551973, 0.9163702389593535, 1.2415128103405169]}
{'percent': [1, 2, 4, 5, 7, 9, 10, 12, 13, 15, 17, 18, 20, 21, 23, 25], 'n_components': [49, 98, 196, 245, 343, 442, 491, 589, 638, 736, 835, 884, 982, 1031, 1129, 1228], 'Score in test': [0.9791689898967371, 0.9792805049401164, 0.9804625643999375, 0.9759573566474118, 0.9817115328857863, 0.9813546847469724, 0.9812654727122689, 0.9816446238597587, 0.9778977184022125, 0.9822468050940072, 0.9702031804090372, 0.9834511675625042, 0.9791243838793853, 0.9824252291634141, 0.9817338358944622, 0.9702031804090372], 'Training Time': [0.26120734214782715, 0.26053285598754883, 0.4477674961090088, 0.4434683322906494, 0.5528149604797363, 0.8594682216644287, 1.0134227275848389, 1.3643362522125244, 1.4061686992645264, 1.2664837837219238, 1.5529553890228271, 2.0078353881835938, 2.2405104637145996, 2.4306395053863525, 2.623021125793457, 3.022749662399292], 'Best Parameters': [{'nystroem__gamma': 0.0004166666666666667, 'svm__C': 3.1622776601683795}, {'nystroem__gamma': 0.0004166666666666667, 'svm__C': 3.1622776601683795}, {'nystroem__gamma': 0.0004166666666666667, 'svm__C': 3.1622776601683795}, {'nystroem__gamma': 3.6828478186799355e-05, 'svm__C': 3.1622776601683795}, {'nystroem__gamma': 0.0004166666666666667, 'svm__C': 3.1622776601683795}, {'nystroem__gamma': 0.0004166666666666667, 'svm__C': 3.1622776601683795}, {'nystroem__gamma': 0.0004166666666666667, 'svm__C': 3.1622776601683795}, {'nystroem__gamma': 0.0004166666666666667, 'svm__C': 3.1622776601683795}, {'nystroem__gamma': 3.6828478186799355e-05, 'svm__C': 3.1622776601683795}, {'nystroem__gamma': 0.0004166666666666667, 'svm__C': 3.1622776601683795}, {'nystroem__gamma': 3.2552083333333335e-06, 'svm__C': 0.0001}, {'nystroem__gamma': 0.0004166666666666667, 'svm__C': 3.1622776601683795}, {'nystroem__gamma': 3.6828478186799355e-05, 'svm__C': 3.1622776601683795}, {'nystroem__gamma': 0.0004166666666666667, 'svm__C': 3.1622776601683795}, {'nystroem__gamma': 0.0004166666666666667, 'svm__C': 3.1622776601683795}, {'nystroem__gamma': 3.2552083333333335e-06, 'svm__C': 0.0001}], 'Best Score in CV': [0.9759786016040511, 0.9755714768166779, 0.9743501024545583, 0.9739417345380635, 0.9735364744443731, 0.9745537684423384, 0.9721112269062868, 0.9731293496569998, 0.9715002289429465, 0.9727226392460008, 0.9708877806622978, 0.9719077681066937, 0.9710922754028257, 0.9725183516936597, 0.972518144505473, 0.9708877806622978], 'cv_mean_test_score': [0.9759786016040511, 0.9755714768166779, 0.9743501024545583, 0.9739417345380635, 0.9735364744443731, 0.9745537684423384, 0.9721112269062868, 0.9731293496569998, 0.9715002289429465, 0.9727226392460008, 0.9708877806622978, 0.9719077681066937, 0.9710922754028257, 0.9725183516936597, 0.972518144505473, 0.9708877806622978], 'cv_std_test_score': [0.005626271838956224, 0.00567677623999649, 0.006245814032293007, 0.003995716787922508, 0.005923376181920057, 0.006198756356578873, 0.00512098447560347, 0.006249686873456019, 0.004674486554972465, 0.007615845713816541, 0.0004891889916047848, 0.009015418925884307, 0.005165933272949012, 0.005488572139103631, 0.005747073665587041, 0.0004891889916047848], 'cv_mean_fit_time': [0.12344493865966796, 0.15941028594970702, 0.3452340602874756, 0.5769131183624268, 0.7539200782775879, 1.0717223644256593, 1.1909839153289794, 1.484940195083618, 1.6946446895599365, 1.9971395015716553, 2.2892297744750976, 2.3965421676635743, 3.2605772495269774, 3.4078959941864015, 4.289814567565918, 5.1584014892578125], 'cv_std_fit_time': [0.023963409530725305, 0.03375898366170439, 0.09680192040972858, 0.10978425721947371, 0.15787499509637, 0.1872382290560695, 0.1986206831528057, 0.3953033137934829, 0.41392013609451433, 0.41653341755133577, 0.4222292063876948, 0.5702647787022221, 0.6665132719235968, 0.7629922967551973, 0.9163702389593535, 1.2415128103405169]}
