
    --------------------
    'Model: Random Fourier features and SVC 
    	Dataset: w3a (classification) of shape (4912, 300) 	CV: 5 	n_jobs: 5
    	 params: {'fourier_random_features__gamma': [3.2552083333333335e-06, 2.2670587585836562e-05, 0.0001578871423448331, 0.0010995899256440774, 0.007657989033313563, 0.05333333333333334], 'svm__C': array([1.00000000e-04, 1.58489319e-03, 2.51188643e-02, 3.98107171e-01,
       6.30957344e+00, 1.00000000e+02])} 
    	 number of hyperparameter 36
    
        	 n components [49, 98, 196, 245, 343, 442, 491, 589, 638, 736, 835, 884, 982, 1031, 1129, 1228]
        	 which correspond with the [1, 2, 4, 5, 7, 9, 10, 12, 13, 15, 17, 18, 20, 21, 23, 25] % of the data
        --------------------
        
{'percent': [1, 2, 4, 5, 7, 9, 10, 12, 13, 15, 17, 18, 20, 21, 23, 25], 'n_components': [49, 98, 196, 245, 343, 442, 491, 589, 638, 736, 835, 884, 982, 1031, 1129, 1228], 'Mean Score in test': [0.9801726252871512, 0.9702031804090372, 0.9766264469076879, 0.9801949282958271, 0.9769163860204741, 0.9702031804090372, 0.9832504404844213, 0.9761357807168187, 0.9779423244195642, 0.978499899636461, 0.9780538394629436, 0.9702031804090372, 0.9702031804090372, 0.9702031804090372, 0.9770279010638535, 0.9783883845930816], 'Std Score in test': [0.0, 0.0, 0.0, 0.0, 0.0, 0.0, 0.0, 0.0, 0.0, 0.0, 0.0, 0.0, 0.0, 0.0, 0.0, 0.0], 'Mean Training Time': [0.1814424991607666, 0.15896129608154297, 0.2564280033111572, 0.2962217330932617, 0.43997788429260254, 0.48960065841674805, 0.5982341766357422, 0.8768110275268555, 1.0218751430511475, 1.1342263221740723, 1.3685965538024902, 1.1484084129333496, 1.3221025466918945, 1.434626579284668, 1.7969207763671875, 2.0408716201782227], 'Std Training Time': [0.0, 0.0, 0.0, 0.0, 0.0, 0.0, 0.0, 0.0, 0.0, 0.0, 0.0, 0.0, 0.0, 0.0, 0.0, 0.0], 'Mean Best Score in CV': [0.9725173157527249, 0.9708877806622978, 0.9719075609185065, 0.971294698261484, 0.9717026518016049, 0.9708877806622978, 0.9712967701433535, 0.9721110197180998, 0.9725166941881642, 0.972517108564538, 0.9719073537303196, 0.9708877806622978, 0.9708877806622978, 0.9708877806622978, 0.9714987786256378, 0.9717028589897918], 'Std Best Score in CV': [0.0, 0.0, 0.0, 0.0, 0.0, 0.0, 0.0, 0.0, 0.0, 0.0, 0.0, 0.0, 0.0, 0.0, 0.0, 0.0], 'cv_mean_test_score': [0.9725173157527249, 0.9708877806622978, 0.9719075609185065, 0.971294698261484, 0.9717026518016049, 0.9708877806622978, 0.9712967701433535, 0.9721110197180998, 0.9725166941881642, 0.972517108564538, 0.9719073537303196, 0.9708877806622978, 0.9708877806622978, 0.9708877806622978, 0.9714987786256378, 0.9717028589897918], 'cv_std_test_score': [0.005339627464814365, 0.0004891889916047848, 0.005040547495838797, 0.0046134835837745684, 0.003930119868970018, 0.0004891889916047848, 0.00653473517637168, 0.004701237595483766, 0.004637321778325258, 0.005455525991450557, 0.00442924893118337, 0.0004891889916047848, 0.0004891889916047848, 0.0004891889916047848, 0.004592289806537217, 0.0037672943543508265], 'cv_mean_fit_time': [0.13348941802978515, 0.16150588989257814, 0.2436964988708496, 0.31426286697387695, 0.6044588088989258, 0.7516839981079102, 0.8529316425323487, 1.0796589851379395, 1.1908391475677491, 1.3045278072357178, 1.4891615390777588, 1.5523487091064454, 1.6801108360290526, 1.8177191734313964, 2.1134470462799073, 2.4106711387634276], 'cv_std_fit_time': [0.033649885744603175, 0.01843280124392316, 0.03377686578094974, 0.059401408786340176, 0.07589679241711865, 0.2162482470418312, 0.13067114111878966, 0.11848687741411833, 0.17814832497888658, 0.3058665415069548, 0.342609173579337, 0.31168099983744946, 0.28760493577873847, 0.391114920317249, 0.36796078366164564, 0.4048376090754725]}
{'percent': [1, 2, 4, 5, 7, 9, 10, 12, 13, 15, 17, 18, 20, 21, 23, 25], 'n_components': [49, 98, 196, 245, 343, 442, 491, 589, 638, 736, 835, 884, 982, 1031, 1129, 1228], 'Score in test': [0.9801726252871512, 0.9702031804090372, 0.9766264469076879, 0.9801949282958271, 0.9769163860204741, 0.9702031804090372, 0.9832504404844213, 0.9761357807168187, 0.9779423244195642, 0.978499899636461, 0.9780538394629436, 0.9702031804090372, 0.9702031804090372, 0.9702031804090372, 0.9770279010638535, 0.9783883845930816], 'Training Time': [0.1814424991607666, 0.15896129608154297, 0.2564280033111572, 0.2962217330932617, 0.43997788429260254, 0.48960065841674805, 0.5982341766357422, 0.8768110275268555, 1.0218751430511475, 1.1342263221740723, 1.3685965538024902, 1.1484084129333496, 1.3221025466918945, 1.434626579284668, 1.7969207763671875, 2.0408716201782227], 'Best Parameters': [{'fourier_random_features__gamma': 2.2670587585836562e-05, 'svm__C': 100.0}, {'fourier_random_features__gamma': 3.2552083333333335e-06, 'svm__C': 0.0001}, {'fourier_random_features__gamma': 0.0001578871423448331, 'svm__C': 0.3981071705534969}, {'fourier_random_features__gamma': 2.2670587585836562e-05, 'svm__C': 6.30957344480193}, {'fourier_random_features__gamma': 0.0001578871423448331, 'svm__C': 0.3981071705534969}, {'fourier_random_features__gamma': 3.2552083333333335e-06, 'svm__C': 0.0001}, {'fourier_random_features__gamma': 0.0001578871423448331, 'svm__C': 6.30957344480193}, {'fourier_random_features__gamma': 0.0001578871423448331, 'svm__C': 0.3981071705534969}, {'fourier_random_features__gamma': 0.0001578871423448331, 'svm__C': 0.3981071705534969}, {'fourier_random_features__gamma': 0.0001578871423448331, 'svm__C': 0.3981071705534969}, {'fourier_random_features__gamma': 0.0001578871423448331, 'svm__C': 0.3981071705534969}, {'fourier_random_features__gamma': 3.2552083333333335e-06, 'svm__C': 0.0001}, {'fourier_random_features__gamma': 3.2552083333333335e-06, 'svm__C': 0.0001}, {'fourier_random_features__gamma': 3.2552083333333335e-06, 'svm__C': 0.0001}, {'fourier_random_features__gamma': 0.0001578871423448331, 'svm__C': 0.3981071705534969}, {'fourier_random_features__gamma': 0.0001578871423448331, 'svm__C': 0.3981071705534969}], 'Best Score in CV': [0.9725173157527249, 0.9708877806622978, 0.9719075609185065, 0.971294698261484, 0.9717026518016049, 0.9708877806622978, 0.9712967701433535, 0.9721110197180998, 0.9725166941881642, 0.972517108564538, 0.9719073537303196, 0.9708877806622978, 0.9708877806622978, 0.9708877806622978, 0.9714987786256378, 0.9717028589897918], 'cv_mean_test_score': [0.9725173157527249, 0.9708877806622978, 0.9719075609185065, 0.971294698261484, 0.9717026518016049, 0.9708877806622978, 0.9712967701433535, 0.9721110197180998, 0.9725166941881642, 0.972517108564538, 0.9719073537303196, 0.9708877806622978, 0.9708877806622978, 0.9708877806622978, 0.9714987786256378, 0.9717028589897918], 'cv_std_test_score': [0.005339627464814365, 0.0004891889916047848, 0.005040547495838797, 0.0046134835837745684, 0.003930119868970018, 0.0004891889916047848, 0.00653473517637168, 0.004701237595483766, 0.004637321778325258, 0.005455525991450557, 0.00442924893118337, 0.0004891889916047848, 0.0004891889916047848, 0.0004891889916047848, 0.004592289806537217, 0.0037672943543508265], 'cv_mean_fit_time': [0.13348941802978515, 0.16150588989257814, 0.2436964988708496, 0.31426286697387695, 0.6044588088989258, 0.7516839981079102, 0.8529316425323487, 1.0796589851379395, 1.1908391475677491, 1.3045278072357178, 1.4891615390777588, 1.5523487091064454, 1.6801108360290526, 1.8177191734313964, 2.1134470462799073, 2.4106711387634276], 'cv_std_fit_time': [0.033649885744603175, 0.01843280124392316, 0.03377686578094974, 0.059401408786340176, 0.07589679241711865, 0.2162482470418312, 0.13067114111878966, 0.11848687741411833, 0.17814832497888658, 0.3058665415069548, 0.342609173579337, 0.31168099983744946, 0.28760493577873847, 0.391114920317249, 0.36796078366164564, 0.4048376090754725]}
