
    --------------------
    'Model: Random Fourier features and ridge classification 
    	Dataset: w3a (classification) of shape (4912, 300) 	CV: 5 	n_jobs: 5
    	 params: {'fourier_random_features__gamma': [3.2552083333333335e-06, 3.6828478186799355e-05, 0.0004166666666666667, 0.0047140452079103175, 0.05333333333333334], 'ridge_classification__alpha': array([1.00000000e-04, 3.16227766e-03, 1.00000000e-01, 3.16227766e+00,
       1.00000000e+02])} 
    	 number of hyperparameter 25
    
        	 n components [49, 98, 196, 245, 343, 442, 491, 589, 638, 736, 835, 884, 982, 1031, 1129, 1228]
        	 which correspond with the [1, 2, 4, 5, 7, 9, 10, 12, 13, 15, 17, 18, 20, 21, 23, 25] % of the data
        --------------------
        
{'percent': [1, 2, 4, 5, 7, 9, 10, 12, 13, 15, 17, 18, 20, 21, 23, 25], 'n_components': [49, 98, 196, 245, 343, 442, 491, 589, 638, 736, 835, 884, 982, 1031, 1129, 1228], 'Mean Score in test': [0.9759350536387359, 0.9774962642460467, 0.9794143229921717, 0.9803510493565581, 0.9800388072350961, 0.9822691081026831, 0.9813546847469724, 0.981243169703593, 0.9823583201373866, 0.9813769877556482, 0.9817338358944622, 0.9816223208510828, 0.9824698351807659, 0.9819791689898968, 0.981577714833731, 0.9824252291634141], 'Std Score in test': [0.0, 0.0, 0.0, 0.0, 0.0, 0.0, 0.0, 0.0, 0.0, 0.0, 0.0, 0.0, 0.0, 0.0, 0.0, 0.0], 'Mean Training Time': [0.0765542984008789, 0.11309957504272461, 0.1617107391357422, 0.16877436637878418, 0.27859067916870117, 0.315624475479126, 0.31586217880249023, 0.38896846771240234, 0.4266395568847656, 0.4716777801513672, 0.5389606952667236, 0.5303869247436523, 0.5916402339935303, 0.6550428867340088, 0.7287538051605225, 0.7657742500305176], 'Std Training Time': [0.0, 0.0, 0.0, 0.0, 0.0, 0.0, 0.0, 0.0, 0.0, 0.0, 0.0, 0.0, 0.0, 0.0, 0.0, 0.0], 'Mean Best Score in CV': [0.9733328084565931, 0.9739423561026245, 0.973536267256186, 0.972517730129099, 0.9729246477282851, 0.972314064141319, 0.9712973917079143, 0.9733323940802192, 0.973128935280626, 0.9733321868920323, 0.9723142713295058, 0.9731287280924391, 0.973332394080219, 0.9735360600679991, 0.9737393116794053, 0.9729252692928461], 'Std Best Score in CV': [0.0, 0.0, 0.0, 0.0, 0.0, 0.0, 0.0, 0.0, 0.0, 0.0, 0.0, 0.0, 0.0, 0.0, 0.0, 0.0], 'cv_mean_test_score': [0.9733328084565931, 0.9739423561026245, 0.973536267256186, 0.972517730129099, 0.9729246477282851, 0.972314064141319, 0.9712973917079143, 0.9733323940802192, 0.973128935280626, 0.9733321868920323, 0.9723142713295058, 0.9731287280924391, 0.973332394080219, 0.9735360600679991, 0.9737393116794053, 0.9729252692928461], 'cv_std_test_score': [0.005797724679012171, 0.0057725428238999815, 0.007301376457372644, 0.005784580099095665, 0.004919305777575687, 0.0057993477493551975, 0.006004429169002665, 0.006535959104051512, 0.006940969931275181, 0.005034111056591064, 0.006111024175853438, 0.005436784666018039, 0.006599117979048581, 0.005638106282992159, 0.0057987279072657565, 0.005804424725885967], 'cv_mean_fit_time': [0.0695432186126709, 0.08948211669921875, 0.12951197624206542, 0.16203460693359376, 0.2210336685180664, 0.28177609443664553, 0.3175989627838135, 0.41950240135192873, 0.4483020305633545, 0.5536964893341064, 0.6526969909667969, 0.6473165988922119, 0.7709524631500244, 0.8247529983520507, 0.9543173789978028, 1.0638914108276367], 'cv_std_fit_time': [0.009833250829038267, 0.013971134345879814, 0.02474080822218778, 0.019706617638464624, 0.008739147827327466, 0.034594561520835745, 0.03509269139836088, 0.020290554652391032, 0.031163534360730685, 0.08069430637564315, 0.06779032736031808, 0.10165144121793303, 0.11085627976259377, 0.052810849621346106, 0.13815333252241585, 0.16173447682370254]}
{'percent': [1, 2, 4, 5, 7, 9, 10, 12, 13, 15, 17, 18, 20, 21, 23, 25], 'n_components': [49, 98, 196, 245, 343, 442, 491, 589, 638, 736, 835, 884, 982, 1031, 1129, 1228], 'Score in test': [0.9759350536387359, 0.9774962642460467, 0.9794143229921717, 0.9803510493565581, 0.9800388072350961, 0.9822691081026831, 0.9813546847469724, 0.981243169703593, 0.9823583201373866, 0.9813769877556482, 0.9817338358944622, 0.9816223208510828, 0.9824698351807659, 0.9819791689898968, 0.981577714833731, 0.9824252291634141], 'Training Time': [0.0765542984008789, 0.11309957504272461, 0.1617107391357422, 0.16877436637878418, 0.27859067916870117, 0.315624475479126, 0.31586217880249023, 0.38896846771240234, 0.4266395568847656, 0.4716777801513672, 0.5389606952667236, 0.5303869247436523, 0.5916402339935303, 0.6550428867340088, 0.7287538051605225, 0.7657742500305176], 'Best Parameters': [{'fourier_random_features__gamma': 0.0004166666666666667, 'ridge_classification__alpha': 0.0001}, {'fourier_random_features__gamma': 0.0004166666666666667, 'ridge_classification__alpha': 3.1622776601683795}, {'fourier_random_features__gamma': 0.0004166666666666667, 'ridge_classification__alpha': 3.1622776601683795}, {'fourier_random_features__gamma': 0.0004166666666666667, 'ridge_classification__alpha': 3.1622776601683795}, {'fourier_random_features__gamma': 0.0004166666666666667, 'ridge_classification__alpha': 3.1622776601683795}, {'fourier_random_features__gamma': 0.0004166666666666667, 'ridge_classification__alpha': 3.1622776601683795}, {'fourier_random_features__gamma': 0.0004166666666666667, 'ridge_classification__alpha': 3.1622776601683795}, {'fourier_random_features__gamma': 0.0004166666666666667, 'ridge_classification__alpha': 3.1622776601683795}, {'fourier_random_features__gamma': 0.0004166666666666667, 'ridge_classification__alpha': 3.1622776601683795}, {'fourier_random_features__gamma': 0.0004166666666666667, 'ridge_classification__alpha': 3.1622776601683795}, {'fourier_random_features__gamma': 0.0004166666666666667, 'ridge_classification__alpha': 3.1622776601683795}, {'fourier_random_features__gamma': 0.0004166666666666667, 'ridge_classification__alpha': 3.1622776601683795}, {'fourier_random_features__gamma': 0.0004166666666666667, 'ridge_classification__alpha': 3.1622776601683795}, {'fourier_random_features__gamma': 0.0004166666666666667, 'ridge_classification__alpha': 3.1622776601683795}, {'fourier_random_features__gamma': 0.0004166666666666667, 'ridge_classification__alpha': 3.1622776601683795}, {'fourier_random_features__gamma': 0.0004166666666666667, 'ridge_classification__alpha': 3.1622776601683795}], 'Best Score in CV': [0.9733328084565931, 0.9739423561026245, 0.973536267256186, 0.972517730129099, 0.9729246477282851, 0.972314064141319, 0.9712973917079143, 0.9733323940802192, 0.973128935280626, 0.9733321868920323, 0.9723142713295058, 0.9731287280924391, 0.973332394080219, 0.9735360600679991, 0.9737393116794053, 0.9729252692928461], 'cv_mean_test_score': [0.9733328084565931, 0.9739423561026245, 0.973536267256186, 0.972517730129099, 0.9729246477282851, 0.972314064141319, 0.9712973917079143, 0.9733323940802192, 0.973128935280626, 0.9733321868920323, 0.9723142713295058, 0.9731287280924391, 0.973332394080219, 0.9735360600679991, 0.9737393116794053, 0.9729252692928461], 'cv_std_test_score': [0.005797724679012171, 0.0057725428238999815, 0.007301376457372644, 0.005784580099095665, 0.004919305777575687, 0.0057993477493551975, 0.006004429169002665, 0.006535959104051512, 0.006940969931275181, 0.005034111056591064, 0.006111024175853438, 0.005436784666018039, 0.006599117979048581, 0.005638106282992159, 0.0057987279072657565, 0.005804424725885967], 'cv_mean_fit_time': [0.0695432186126709, 0.08948211669921875, 0.12951197624206542, 0.16203460693359376, 0.2210336685180664, 0.28177609443664553, 0.3175989627838135, 0.41950240135192873, 0.4483020305633545, 0.5536964893341064, 0.6526969909667969, 0.6473165988922119, 0.7709524631500244, 0.8247529983520507, 0.9543173789978028, 1.0638914108276367], 'cv_std_fit_time': [0.009833250829038267, 0.013971134345879814, 0.02474080822218778, 0.019706617638464624, 0.008739147827327466, 0.034594561520835745, 0.03509269139836088, 0.020290554652391032, 0.031163534360730685, 0.08069430637564315, 0.06779032736031808, 0.10165144121793303, 0.11085627976259377, 0.052810849621346106, 0.13815333252241585, 0.16173447682370254]}
