
    --------------------
    'Model: Random Fourier features and ridge regression 
    	Dataset: abalone (regression) of shape (4177, 8) 	CV: 5 	n_jobs: 5
    	 params: {'regressor__fourier_random_features__gamma': [0.0001220703125, 0.0013810679320049757, 0.015625, 0.1767766952966369, 2.0], 'regressor__ridge_regression__alpha': array([1.00000000e-04, 3.16227766e-03, 1.00000000e-01, 3.16227766e+00,
       1.00000000e+02])} 
    	 number of hyperparameter 25
    
        	 n components [41, 83, 167, 208, 292, 375, 417, 501, 543, 626, 710, 751, 835, 877, 960, 1044]
        	 which correspond with the [1, 2, 4, 5, 7, 9, 10, 12, 13, 15, 17, 18, 20, 21, 23, 25] % of the data
        --------------------
        
{'percent': [1, 2, 4, 5, 7, 9, 10, 12, 13, 15, 17, 18, 20, 21, 23, 25], 'n_components': [41, 83, 167, 208, 292, 375, 417, 501, 543, 626, 710, 751, 835, 877, 960, 1044], 'Mean Score in test': [0.4936442921988166, 0.5669268166355513, 0.5746289103896988, 0.36207768697855003, 0.577611011623063, 0.5711906613002522, 0.569526032909065, 0.5698992442229005, 0.5698925312113732, 0.5639570972915362, 0.5668290529044808, 0.5504618075209964, 0.5695063260759454, 0.5694088641651848, 0.569347087959484, 0.5720636049641743], 'Std Score in test': [0.13040052588824583, 0.02484258343265418, 0.026481968272349953, 0.3815005407433728, 0.022515625755095664, 0.02770676031475881, 0.02577815983923398, 0.025317777661412327, 0.026005877317000898, 0.03046008118332783, 0.028839305996131135, 0.0543558060831636, 0.029330587254437136, 0.027499980912165503, 0.025780219172491438, 0.028109107851736502], 'Mean Training Time': [0.01944178342819214, 0.024452626705169678, 0.055657923221588135, 0.05015242099761963, 0.0918893814086914, 0.10235542058944702, 0.1068238615989685, 0.1257692575454712, 0.1597459316253662, 0.1624658703804016, 0.2091267704963684, 0.2219449281692505, 0.27171385288238525, 0.3022966980934143, 0.32768720388412476, 0.3777458071708679], 'Std Training Time': [0.0003148091582838625, 0.003392117786626506, 0.009005724722979388, 0.00473535317169117, 0.019885154763541767, 0.017064529835671728, 0.010116788864604782, 0.015197430422030474, 0.019747014265206708, 0.012403930301238611, 0.00952351156840728, 0.01887268998757534, 0.038165804225629686, 0.014860979211788637, 0.023716932533238384, 0.020260116266037378], 'Mean Best Score in CV': [0.5596965981708268, 0.5655278165863507, 0.5694586146569474, 0.567117871717018, 0.5707143921284538, 0.5704299387708645, 0.569961835641102, 0.5697519040961265, 0.5711008896639138, 0.5709921759741272, 0.5707363681731874, 0.5709406119257654, 0.5715106288204054, 0.5691684350817782, 0.5696209117743001, 0.5703500032368999], 'Std Best Score in CV': [0.008129407470525672, 0.008900498346268491, 0.010298934650450932, 0.010567857865035897, 0.009601293696215827, 0.009957599172143772, 0.010403041899802717, 0.010225421599149282, 0.011377504429276798, 0.010153926843280965, 0.011037787943550193, 0.009799192026018096, 0.011465020430685603, 0.009854065882084758, 0.009845260508078012, 0.010088843454260643], 'cv_mean_test_score': [0.5596965981708268, 0.5655278165863507, 0.5694586146569474, 0.567117871717018, 0.5707143921284538, 0.5704299387708645, 0.569961835641102, 0.5697519040961265, 0.5711008896639138, 0.5709921759741272, 0.5707363681731874, 0.5709406119257654, 0.5715106288204054, 0.5691684350817782, 0.5696209117743001, 0.5703500032368999], 'cv_std_test_score': [0.027932946608911668, 0.026448233471314003, 0.023787752957132556, 0.02700130022371181, 0.029180509989048708, 0.025342948294134353, 0.025294517489138454, 0.023672171416518863, 0.025216245599903694, 0.026251670091644745, 0.02611972851490814, 0.02610193322674222, 0.026464476038084044, 0.02564248661146439, 0.02648424428491219, 0.026021238643479817], 'cv_mean_fit_time': [0.011234247684478761, 0.02057199478149414, 0.036315977573394775, 0.044763231277465815, 0.0668639302253723, 0.08528908491134643, 0.10288110971450806, 0.13178132772445678, 0.17158048152923583, 0.20470871925354003, 0.24092425107955934, 0.262818169593811, 0.30207855701446534, 0.330709707736969, 0.3810561418533326, 0.4251436829566956], 'cv_std_fit_time': [0.001092159056884561, 0.0025254533171953147, 0.0023695102173991595, 0.003122268631420768, 0.004902452287925469, 0.012175993247289246, 0.007920543242249799, 0.008988797807804209, 0.01692674408604533, 0.019563811801782103, 0.028729152820078055, 0.02182839110354374, 0.03786378589072857, 0.03121776847874628, 0.04416873610387955, 0.046956831094398174]}
{'percent': [1, 1, 1, 1, 2, 2, 2, 2, 4, 4, 4, 4, 5, 5, 5, 5, 7, 7, 7, 7, 9, 9, 9, 9, 10, 10, 10, 10, 12, 12, 12, 12, 13, 13, 13, 13, 15, 15, 15, 15, 17, 17, 17, 17, 18, 18, 18, 18, 20, 20, 20, 20, 21, 21, 21, 21, 23, 23, 23, 23, 25, 25, 25, 25], 'n_components': [41, 41, 41, 41, 83, 83, 83, 83, 167, 167, 167, 167, 208, 208, 208, 208, 292, 292, 292, 292, 375, 375, 375, 375, 417, 417, 417, 417, 501, 501, 501, 501, 543, 543, 543, 543, 626, 626, 626, 626, 710, 710, 710, 710, 751, 751, 751, 751, 835, 835, 835, 835, 877, 877, 877, 877, 960, 960, 960, 960, 1044, 1044, 1044, 1044], 'Score in test': [0.5661328404413104, 0.27044794820296647, 0.5971901318132359, 0.5408062483377536, 0.5517318742962425, 0.5467029921678266, 0.609146217751952, 0.5601261823261843, 0.5562246986858634, 0.560818367798043, 0.6203744157006401, 0.5610981593742486, 0.5583070195924031, -0.29774874299588316, 0.6142802467655086, 0.5734722245521715, 0.5554209037772695, 0.5730947204734573, 0.6150307851080112, 0.5668976371335139, 0.5543534283484888, 0.5528649255676168, 0.6190468552330789, 0.5584974360518247, 0.5606278213570589, 0.5466790905069172, 0.6132645008018349, 0.5575327189704489, 0.5581866957318504, 0.5502378984529961, 0.6134074649822316, 0.5577649177245239, 0.5543657216328346, 0.5529294736476913, 0.6148480878082125, 0.5574268417567543, 0.552402151882317, 0.5316501977911066, 0.6139244509083305, 0.5578515885843909, 0.5545550061676674, 0.5383951956091937, 0.6149239412063195, 0.5594420686347423, 0.5554912123563729, 0.46816554930696763, 0.6209947818188284, 0.5571956866018164, 0.554430599181708, 0.5466331303317098, 0.6198703748813726, 0.5570911999089911, 0.5549356200274038, 0.5486982586536682, 0.616729900867589, 0.557271677112078, 0.5550242664401159, 0.5510545343953044, 0.6138224584396225, 0.5574870925628932, 0.5589781084007126, 0.5501772219027843, 0.6203612926239099, 0.5587377969292906], 'Training Time': [0.0198667049407959, 0.019510269165039062, 0.019406557083129883, 0.01898360252380371, 0.02042531967163086, 0.027889013290405273, 0.021762847900390625, 0.027733325958251953, 0.06229710578918457, 0.049553871154785156, 0.06641149520874023, 0.04436922073364258, 0.05300331115722656, 0.04195284843444824, 0.0529482364654541, 0.05270528793334961, 0.10476493835449219, 0.11770439147949219, 0.07325220108032227, 0.07183599472045898, 0.1288435459136963, 0.08145809173583984, 0.10188865661621094, 0.09723138809204102, 0.09845495223999023, 0.0970609188079834, 0.10957860946655273, 0.12220096588134766, 0.12252306938171387, 0.11171269416809082, 0.11759757995605469, 0.1512436866760254, 0.1392984390258789, 0.18027067184448242, 0.14072823524475098, 0.17868638038635254, 0.14696598052978516, 0.16910719871520996, 0.17897486686706543, 0.1548154354095459, 0.21448111534118652, 0.21257662773132324, 0.2166297435760498, 0.19281959533691406, 0.19252324104309082, 0.22385764122009277, 0.24510812759399414, 0.22629070281982422, 0.2354719638824463, 0.25980329513549805, 0.25571608543395996, 0.3358640670776367, 0.3085904121398926, 0.3230438232421875, 0.2838907241821289, 0.29366183280944824, 0.3388838768005371, 0.34581923484802246, 0.3391547203063965, 0.28689098358154297, 0.4126455783843994, 0.3627312183380127, 0.36719202995300293, 0.36841440200805664], 'Best Parameters': [{'regressor__fourier_random_features__gamma': 0.015625, 'regressor__ridge_regression__alpha': 0.1}, {'regressor__fourier_random_features__gamma': 0.0013810679320049757, 'regressor__ridge_regression__alpha': 0.0001}, {'regressor__fourier_random_features__gamma': 0.0013810679320049757, 'regressor__ridge_regression__alpha': 0.0031622776601683794}, {'regressor__fourier_random_features__gamma': 0.0001220703125, 'regressor__ridge_regression__alpha': 0.0001}, {'regressor__fourier_random_features__gamma': 0.1767766952966369, 'regressor__ridge_regression__alpha': 0.1}, {'regressor__fourier_random_features__gamma': 0.015625, 'regressor__ridge_regression__alpha': 0.1}, {'regressor__fourier_random_features__gamma': 0.015625, 'regressor__ridge_regression__alpha': 0.1}, {'regressor__fourier_random_features__gamma': 0.015625, 'regressor__ridge_regression__alpha': 0.0001}, {'regressor__fourier_random_features__gamma': 0.1767766952966369, 'regressor__ridge_regression__alpha': 0.1}, {'regressor__fourier_random_features__gamma': 0.015625, 'regressor__ridge_regression__alpha': 0.0031622776601683794}, {'regressor__fourier_random_features__gamma': 0.0013810679320049757, 'regressor__ridge_regression__alpha': 0.0001}, {'regressor__fourier_random_features__gamma': 0.1767766952966369, 'regressor__ridge_regression__alpha': 0.1}, {'regressor__fourier_random_features__gamma': 0.1767766952966369, 'regressor__ridge_regression__alpha': 0.1}, {'regressor__fourier_random_features__gamma': 0.0013810679320049757, 'regressor__ridge_regression__alpha': 0.0001}, {'regressor__fourier_random_features__gamma': 0.1767766952966369, 'regressor__ridge_regression__alpha': 0.1}, {'regressor__fourier_random_features__gamma': 0.1767766952966369, 'regressor__ridge_regression__alpha': 0.1}, {'regressor__fourier_random_features__gamma': 0.015625, 'regressor__ridge_regression__alpha': 0.0031622776601683794}, {'regressor__fourier_random_features__gamma': 0.1767766952966369, 'regressor__ridge_regression__alpha': 0.1}, {'regressor__fourier_random_features__gamma': 0.1767766952966369, 'regressor__ridge_regression__alpha': 0.1}, {'regressor__fourier_random_features__gamma': 0.1767766952966369, 'regressor__ridge_regression__alpha': 0.1}, {'regressor__fourier_random_features__gamma': 0.1767766952966369, 'regressor__ridge_regression__alpha': 0.1}, {'regressor__fourier_random_features__gamma': 0.015625, 'regressor__ridge_regression__alpha': 0.1}, {'regressor__fourier_random_features__gamma': 0.0013810679320049757, 'regressor__ridge_regression__alpha': 0.0001}, {'regressor__fourier_random_features__gamma': 0.015625, 'regressor__ridge_regression__alpha': 0.1}, {'regressor__fourier_random_features__gamma': 0.015625, 'regressor__ridge_regression__alpha': 0.0031622776601683794}, {'regressor__fourier_random_features__gamma': 0.015625, 'regressor__ridge_regression__alpha': 0.1}, {'regressor__fourier_random_features__gamma': 0.015625, 'regressor__ridge_regression__alpha': 0.1}, {'regressor__fourier_random_features__gamma': 0.015625, 'regressor__ridge_regression__alpha': 0.1}, {'regressor__fourier_random_features__gamma': 0.1767766952966369, 'regressor__ridge_regression__alpha': 0.1}, {'regressor__fourier_random_features__gamma': 0.015625, 'regressor__ridge_regression__alpha': 0.1}, {'regressor__fourier_random_features__gamma': 0.015625, 'regressor__ridge_regression__alpha': 0.1}, {'regressor__fourier_random_features__gamma': 0.015625, 'regressor__ridge_regression__alpha': 0.1}, {'regressor__fourier_random_features__gamma': 0.015625, 'regressor__ridge_regression__alpha': 0.0031622776601683794}, {'regressor__fourier_random_features__gamma': 0.015625, 'regressor__ridge_regression__alpha': 0.1}, {'regressor__fourier_random_features__gamma': 0.015625, 'regressor__ridge_regression__alpha': 0.1}, {'regressor__fourier_random_features__gamma': 0.015625, 'regressor__ridge_regression__alpha': 0.1}, {'regressor__fourier_random_features__gamma': 0.015625, 'regressor__ridge_regression__alpha': 0.0031622776601683794}, {'regressor__fourier_random_features__gamma': 0.015625, 'regressor__ridge_regression__alpha': 0.0031622776601683794}, {'regressor__fourier_random_features__gamma': 0.015625, 'regressor__ridge_regression__alpha': 0.1}, {'regressor__fourier_random_features__gamma': 0.015625, 'regressor__ridge_regression__alpha': 0.1}, {'regressor__fourier_random_features__gamma': 0.1767766952966369, 'regressor__ridge_regression__alpha': 0.1}, {'regressor__fourier_random_features__gamma': 0.0013810679320049757, 'regressor__ridge_regression__alpha': 0.0001}, {'regressor__fourier_random_features__gamma': 0.015625, 'regressor__ridge_regression__alpha': 0.1}, {'regressor__fourier_random_features__gamma': 0.015625, 'regressor__ridge_regression__alpha': 0.1}, {'regressor__fourier_random_features__gamma': 0.1767766952966369, 'regressor__ridge_regression__alpha': 0.1}, {'regressor__fourier_random_features__gamma': 0.0013810679320049757, 'regressor__ridge_regression__alpha': 0.0001}, {'regressor__fourier_random_features__gamma': 0.015625, 'regressor__ridge_regression__alpha': 0.0031622776601683794}, {'regressor__fourier_random_features__gamma': 0.015625, 'regressor__ridge_regression__alpha': 0.1}, {'regressor__fourier_random_features__gamma': 0.1767766952966369, 'regressor__ridge_regression__alpha': 0.1}, {'regressor__fourier_random_features__gamma': 0.015625, 'regressor__ridge_regression__alpha': 0.1}, {'regressor__fourier_random_features__gamma': 0.1767766952966369, 'regressor__ridge_regression__alpha': 0.1}, {'regressor__fourier_random_features__gamma': 0.015625, 'regressor__ridge_regression__alpha': 0.1}, {'regressor__fourier_random_features__gamma': 0.1767766952966369, 'regressor__ridge_regression__alpha': 0.1}, {'regressor__fourier_random_features__gamma': 0.015625, 'regressor__ridge_regression__alpha': 0.1}, {'regressor__fourier_random_features__gamma': 0.015625, 'regressor__ridge_regression__alpha': 0.1}, {'regressor__fourier_random_features__gamma': 0.015625, 'regressor__ridge_regression__alpha': 0.1}, {'regressor__fourier_random_features__gamma': 0.015625, 'regressor__ridge_regression__alpha': 0.0031622776601683794}, {'regressor__fourier_random_features__gamma': 0.015625, 'regressor__ridge_regression__alpha': 0.1}, {'regressor__fourier_random_features__gamma': 0.015625, 'regressor__ridge_regression__alpha': 0.1}, {'regressor__fourier_random_features__gamma': 0.015625, 'regressor__ridge_regression__alpha': 0.1}, {'regressor__fourier_random_features__gamma': 0.015625, 'regressor__ridge_regression__alpha': 0.0031622776601683794}, {'regressor__fourier_random_features__gamma': 0.015625, 'regressor__ridge_regression__alpha': 0.1}, {'regressor__fourier_random_features__gamma': 0.0013810679320049757, 'regressor__ridge_regression__alpha': 0.0001}, {'regressor__fourier_random_features__gamma': 0.015625, 'regressor__ridge_regression__alpha': 0.1}], 'Best Score in CV': [0.5641657795647645, 0.5675867729995114, 0.5462456141585997, 0.560788225960432, 0.5728920999631859, 0.5698757043174586, 0.5503135471850669, 0.5690299148796916, 0.5762127090212324, 0.5793382958052377, 0.5526946834663535, 0.5695887703349658, 0.577195698173146, 0.5708669117514509, 0.5493529530045562, 0.5710559239389186, 0.581214406599561, 0.5741576011708821, 0.5550990939710104, 0.5723864667723616, 0.5809143227686052, 0.5748438818356172, 0.5541425104418523, 0.5718190400373828, 0.5810437019362392, 0.5738952683776389, 0.5529178381110944, 0.5719905341394353, 0.5790147436532685, 0.5752799502750692, 0.5525459478400254, 0.572166974616143, 0.5835544392568137, 0.5752565455039711, 0.5526105812116517, 0.5729819926832189, 0.579444193711074, 0.5774715725141377, 0.553843592923726, 0.5732093447475711, 0.5834337744276523, 0.575433419890236, 0.5532995440520082, 0.5707787343228528, 0.5796950118463048, 0.57747817021072, 0.5546982534027654, 0.5718910122432714, 0.5852168979757805, 0.5755168485266953, 0.5535711847173154, 0.5717375840618303, 0.5794909802266437, 0.5739826163304393, 0.5531112870687153, 0.5700888567013145, 0.5783988723947079, 0.5752853806747762, 0.5530646573225407, 0.5717347367051753, 0.5793448937809349, 0.5754268630364856, 0.5532779582581389, 0.5733502978720402], 'cv_mean_test_score': [0.5641657795647645, 0.5675867729995114, 0.5462456141585997, 0.560788225960432, 0.5728920999631859, 0.5698757043174586, 0.5503135471850669, 0.5690299148796916, 0.5762127090212324, 0.5793382958052377, 0.5526946834663535, 0.5695887703349658, 0.577195698173146, 0.5708669117514509, 0.5493529530045562, 0.5710559239389186, 0.581214406599561, 0.5741576011708821, 0.5550990939710104, 0.5723864667723616, 0.5809143227686052, 0.5748438818356172, 0.5541425104418523, 0.5718190400373828, 0.5810437019362392, 0.5738952683776389, 0.5529178381110944, 0.5719905341394353, 0.5790147436532685, 0.5752799502750692, 0.5525459478400254, 0.572166974616143, 0.5835544392568137, 0.5752565455039711, 0.5526105812116517, 0.5729819926832189, 0.579444193711074, 0.5774715725141377, 0.553843592923726, 0.5732093447475711, 0.5834337744276523, 0.575433419890236, 0.5532995440520082, 0.5707787343228528, 0.5796950118463048, 0.57747817021072, 0.5546982534027654, 0.5718910122432714, 0.5852168979757805, 0.5755168485266953, 0.5535711847173154, 0.5717375840618303, 0.5794909802266437, 0.5739826163304393, 0.5531112870687153, 0.5700888567013145, 0.5783988723947079, 0.5752853806747762, 0.5530646573225407, 0.5717347367051753, 0.5793448937809349, 0.5754268630364856, 0.5532779582581389, 0.5733502978720402], 'cv_std_test_score': [0.03899162517906833, 0.03508240475283366, 0.016773751122588536, 0.020884005381156145, 0.034272324987451155, 0.028741374951580047, 0.009907807128550751, 0.03287142681767405, 0.03520989549288935, 0.026302882792351157, 0.007312329020075115, 0.026325904523214587, 0.03452333644698224, 0.03717627626347629, 0.0118707255272153, 0.02443486265717341, 0.03835759613513778, 0.033187868812303865, 0.018229821224803152, 0.026946753783950037, 0.038048679087494035, 0.028552455916465092, 0.008134462444205017, 0.02663619572837327, 0.03463140859997537, 0.028467170922623238, 0.011383400133010532, 0.026696090300944685, 0.029509394489283764, 0.028424420475189113, 0.009241011046965933, 0.027513859654636635, 0.03485521197808297, 0.028642184471555872, 0.011085872687600215, 0.026281713262375737, 0.036084918718216126, 0.029747241362395326, 0.010892712109645531, 0.028281808176322, 0.03267617355556296, 0.032837842772655036, 0.010472620971440588, 0.028492276759973983, 0.03420629574682259, 0.030353000854683586, 0.012785189765393015, 0.0270632465400697, 0.03340461012619928, 0.02828674221593908, 0.01567603861087736, 0.028490513199320444, 0.03493268189522854, 0.028793334795809807, 0.010059327262218237, 0.028784602492600963, 0.04012619620174907, 0.0289795786238633, 0.009585011687687117, 0.02724619062634928, 0.038448765060504, 0.029434916880309, 0.00892875928114065, 0.02727251335196562], 'cv_mean_fit_time': [0.012363195419311523, 0.010079908370971679, 0.010254240036010743, 0.012239646911621094, 0.020199012756347657, 0.02094864845275879, 0.02053694725036621, 0.020603370666503907, 0.0407865047454834, 0.03865385055541992, 0.03441300392150879, 0.03141055107116699, 0.04461450576782226, 0.046017694473266604, 0.03937497138977051, 0.049045753479003903, 0.06961002349853515, 0.059823226928710935, 0.0662602424621582, 0.07176222801208496, 0.09081869125366211, 0.08461074829101563, 0.0827707290649414, 0.08295617103576661, 0.10091829299926758, 0.10748639106750488, 0.0992502212524414, 0.10386953353881836, 0.1420203685760498, 0.14085073471069337, 0.1211122989654541, 0.12314190864562988, 0.17503395080566406, 0.16144123077392578, 0.17636542320251464, 0.17348132133483887, 0.21345944404602052, 0.20339040756225585, 0.1998234748840332, 0.20216155052185059, 0.24436616897583008, 0.2401376724243164, 0.23887896537780762, 0.24031419754028321, 0.2773310661315918, 0.2529487609863281, 0.24912524223327637, 0.27186760902404783, 0.3132175445556641, 0.28258461952209474, 0.3120171546936035, 0.300494909286499, 0.34058079719543455, 0.33374485969543455, 0.33415069580078127, 0.3143624782562256, 0.3842062473297119, 0.3821124076843262, 0.3890095233917236, 0.3688963890075684, 0.42769656181335447, 0.40417990684509275, 0.4380760669708252, 0.43062219619750974], 'cv_std_fit_time': [0.0015914107294209175, 0.0008480136344921399, 0.0007325706324658946, 0.0011966412311592912, 0.006482880421481422, 0.00023868522038915293, 0.0004708079976057532, 0.0029094396293049317, 0.0005883163832822679, 0.0005625359332094501, 0.004085015865162001, 0.0042421726879429186, 0.0029297193681329737, 0.0005850315735269932, 0.005798466997493491, 0.003175856586529614, 0.0005398110988817892, 0.00867627598970764, 0.007273089911649627, 0.0031206321514628196, 0.010594376877277845, 0.013108449764280786, 0.01357782531771838, 0.011423321029879974, 0.012818320711376051, 0.001157537091922549, 0.009434450823303023, 0.008271864342397569, 0.004927163682460535, 0.0019765310053148056, 0.020138624769763133, 0.008912871773678364, 0.013929479262253894, 0.023534446258085304, 0.011196684326792104, 0.019046366497050028, 0.016643476355944327, 0.02220605662467266, 0.02314900135334079, 0.016256712873170643, 0.031403096453436065, 0.031191844358986028, 0.029125788592191684, 0.02319588187569844, 0.025004309178769196, 0.0182761497889295, 0.025118007796879407, 0.018915097649596847, 0.03924317312978694, 0.03536772552230582, 0.04178668165566435, 0.03505756325515717, 0.039977568744404605, 0.023597704912130625, 0.01758667256304796, 0.043709127695401924, 0.03468017340518083, 0.050715326363964634, 0.03865923253373569, 0.05262021211263706, 0.03621070784033149, 0.07157400909759169, 0.022461166335622562, 0.05758144110404695]}
