
    --------------------
    'Model: Nystrom and SVC 
    	Dataset: w3a (classification) of shape (4912, 300) 	CV: 5 	n_jobs: 5
    	 params: {'nystroem__gamma': array([3.25520833e-06, 3.68284782e-05, 4.16666667e-04, 4.71404521e-03,
       5.33333333e-02]), 'svm__C': array([1.00000000e-04, 3.16227766e-03, 1.00000000e-01, 3.16227766e+00,
       1.00000000e+02])} 
    	 number of hyperparameter 25
    
        	 n components [1, 50, 99, 148, 197, 246, 295, 344, 393, 443, 492, 541, 590, 639, 688, 737, 786, 836, 885, 934, 983]
        	 which correspond with the [0, 0, 1, 2, 2, 3, 4, 4, 5, 6, 6, 7, 8, 9, 9, 10, 11, 11, 12, 13, 13, 14, 15, 15, 16, 17, 17, 18, 19, 20] % of the data
        --------------------
        
{'percent': [0, 0, 1, 2, 2, 3, 4, 4, 5, 6, 6, 7, 8, 9, 9, 10, 11, 11, 12, 13, 13], 'n_components': [1, 50, 99, 148, 197, 246, 295, 344, 393, 443, 492, 541, 590, 639, 688, 737, 786, 836, 885, 934, 983], 'Mean Score in test': [0.9756005085085978, 0.9802395343131789, 0.9789905658273301, 0.9768048709770948, 0.9811539576688896, 0.9784106876017574, 0.9770502040725294, 0.9786783237058679, 0.9786114146798404, 0.9817561389031381, 0.9786337176885161, 0.9779200214108883, 0.9790351718446818, 0.9785222026451368, 0.978834444766599, 0.979347413966144, 0.9808640185561032, 0.979525838035551, 0.9778977184022125, 0.9800388072350961, 0.9797711711309856], 'Std Score in test': [0.0, 0.0, 0.0, 0.0, 0.0, 0.0, 0.0, 0.0, 0.0, 0.0, 0.0, 0.0, 0.0, 0.0, 0.0, 0.0, 0.0, 0.0, 0.0, 0.0, 0.0], 'Mean Training Time': [0.012558221817016602, 0.02845001220703125, 0.051618099212646484, 0.08344221115112305, 0.1069190502166748, 0.09976792335510254, 0.12072396278381348, 0.1517469882965088, 0.17574310302734375, 0.2444312572479248, 0.23153162002563477, 0.26976728439331055, 0.3171420097351074, 0.3185300827026367, 0.36664772033691406, 0.39649200439453125, 0.4449799060821533, 0.4845287799835205, 0.5444929599761963, 0.569645881652832, 0.802260160446167], 'Std Training Time': [0.0, 0.0, 0.0, 0.0, 0.0, 0.0, 0.0, 0.0, 0.0, 0.0, 0.0, 0.0, 0.0, 0.0, 0.0, 0.0, 0.0, 0.0, 0.0, 0.0, 0.0], 'Mean Best Score in CV': [0.9755720983812388, 0.9759796375449857, 0.9761833035327658, 0.9749617219824595, 0.9743496880781846, 0.9741474724077133, 0.9745539756305254, 0.9751651807820526, 0.973943599231746, 0.9741470580313394, 0.9737397260557792, 0.9741470580313394, 0.9741466436549654, 0.9745543900068994, 0.9743505168309324, 0.9741466436549654, 0.9743501024545586, 0.9739429776671853, 0.9739433920435593, 0.9737391044912183, 0.9749615147942725], 'Std Best Score in CV': [0.0, 0.0, 0.0, 0.0, 0.0, 0.0, 0.0, 0.0, 0.0, 0.0, 0.0, 0.0, 0.0, 0.0, 0.0, 0.0, 0.0, 0.0, 0.0, 0.0, 0.0], 'cv_mean_test_score': [0.9755720983812388, 0.9759796375449857, 0.9761833035327658, 0.9749617219824595, 0.9743496880781846, 0.9741474724077133, 0.9745539756305254, 0.9751651807820526, 0.973943599231746, 0.9741470580313394, 0.9737397260557792, 0.9741470580313394, 0.9741466436549654, 0.9745543900068994, 0.9743505168309324, 0.9741466436549654, 0.9743501024545586, 0.9739429776671853, 0.9739433920435593, 0.9737391044912183, 0.9749615147942725], 'cv_std_test_score': [0.006679976136684396, 0.0074581666083808305, 0.006572718231506078, 0.007402005718213221, 0.004470927064249007, 0.007567575475832559, 0.007273668379302682, 0.007993867779097082, 0.007345972408280299, 0.007117745248444536, 0.006784309254636003, 0.00694071374910749, 0.005980989734526122, 0.006710010434937664, 0.006535661247030747, 0.007060219718205554, 0.006662449375062262, 0.006942080981538495, 0.006850858367130436, 0.005469183362871505, 0.006940822365761834], 'cv_mean_fit_time': [0.014569664001464843, 0.027586746215820312, 0.03965039253234863, 0.05250215530395508, 0.08984055519104003, 0.08628602027893066, 0.11141934394836425, 0.13520593643188478, 0.1644512176513672, 0.20687193870544435, 0.2208585262298584, 0.2644513607025146, 0.295316219329834, 0.33397574424743653, 0.37810254096984863, 0.4318078517913818, 0.5336114406585694, 0.5691655158996582, 0.5885602951049804, 0.6655256748199463, 0.7444203853607178], 'cv_std_fit_time': [0.0009119478125919361, 0.0026795294342615754, 0.0014779075173436537, 0.0012803475766236042, 0.006688548403243225, 0.0030258071622271863, 0.010516761647021347, 0.0070282272647756595, 0.006084260307408222, 0.016480273337112637, 0.006210863104701793, 0.028443549631667932, 0.03447406525204093, 0.043739951805676004, 0.013434222248934811, 0.05796520791078721, 0.057953716251096146, 0.07210483147330153, 0.05738087104316823, 0.039864070018431404, 0.039525188660366]}
{'percent': [0, 0, 1, 2, 2, 3, 4, 4, 5, 6, 6, 7, 8, 9, 9, 10, 11, 11, 12, 13, 13], 'n_components': [1, 50, 99, 148, 197, 246, 295, 344, 393, 443, 492, 541, 590, 639, 688, 737, 786, 836, 885, 934, 983], 'Score in test': [0.9756005085085978, 0.9802395343131789, 0.9789905658273301, 0.9768048709770948, 0.9811539576688896, 0.9784106876017574, 0.9770502040725294, 0.9786783237058679, 0.9786114146798404, 0.9817561389031381, 0.9786337176885161, 0.9779200214108883, 0.9790351718446818, 0.9785222026451368, 0.978834444766599, 0.979347413966144, 0.9808640185561032, 0.979525838035551, 0.9778977184022125, 0.9800388072350961, 0.9797711711309856], 'Training Time': [0.012558221817016602, 0.02845001220703125, 0.051618099212646484, 0.08344221115112305, 0.1069190502166748, 0.09976792335510254, 0.12072396278381348, 0.1517469882965088, 0.17574310302734375, 0.2444312572479248, 0.23153162002563477, 0.26976728439331055, 0.3171420097351074, 0.3185300827026367, 0.36664772033691406, 0.39649200439453125, 0.4449799060821533, 0.4845287799835205, 0.5444929599761963, 0.569645881652832, 0.802260160446167], 'Best Parameters': [{'nystroem__gamma': 0.0004166666666666667, 'svm__C': 100.0}, {'nystroem__gamma': 0.0004166666666666667, 'svm__C': 3.1622776601683795}, {'nystroem__gamma': 0.0004166666666666667, 'svm__C': 3.1622776601683795}, {'nystroem__gamma': 0.0004166666666666667, 'svm__C': 0.1}, {'nystroem__gamma': 3.6828478186799355e-05, 'svm__C': 100.0}, {'nystroem__gamma': 0.0004166666666666667, 'svm__C': 0.1}, {'nystroem__gamma': 0.0004166666666666667, 'svm__C': 0.1}, {'nystroem__gamma': 0.0004166666666666667, 'svm__C': 0.1}, {'nystroem__gamma': 0.0004166666666666667, 'svm__C': 0.1}, {'nystroem__gamma': 0.0004166666666666667, 'svm__C': 3.1622776601683795}, {'nystroem__gamma': 0.0004166666666666667, 'svm__C': 0.1}, {'nystroem__gamma': 0.0004166666666666667, 'svm__C': 0.1}, {'nystroem__gamma': 0.0004166666666666667, 'svm__C': 0.1}, {'nystroem__gamma': 0.0004166666666666667, 'svm__C': 0.1}, {'nystroem__gamma': 0.0004166666666666667, 'svm__C': 0.1}, {'nystroem__gamma': 0.0004166666666666667, 'svm__C': 0.1}, {'nystroem__gamma': 0.0004166666666666667, 'svm__C': 0.1}, {'nystroem__gamma': 0.0004166666666666667, 'svm__C': 0.1}, {'nystroem__gamma': 0.0004166666666666667, 'svm__C': 0.1}, {'nystroem__gamma': 0.0004166666666666667, 'svm__C': 0.1}, {'nystroem__gamma': 0.0004166666666666667, 'svm__C': 0.1}], 'Best Score in CV': [0.9755720983812388, 0.9759796375449857, 0.9761833035327658, 0.9749617219824595, 0.9743496880781846, 0.9741474724077133, 0.9745539756305254, 0.9751651807820526, 0.973943599231746, 0.9741470580313394, 0.9737397260557792, 0.9741470580313394, 0.9741466436549654, 0.9745543900068994, 0.9743505168309324, 0.9741466436549654, 0.9743501024545586, 0.9739429776671853, 0.9739433920435593, 0.9737391044912183, 0.9749615147942725], 'cv_mean_test_score': [0.9755720983812388, 0.9759796375449857, 0.9761833035327658, 0.9749617219824595, 0.9743496880781846, 0.9741474724077133, 0.9745539756305254, 0.9751651807820526, 0.973943599231746, 0.9741470580313394, 0.9737397260557792, 0.9741470580313394, 0.9741466436549654, 0.9745543900068994, 0.9743505168309324, 0.9741466436549654, 0.9743501024545586, 0.9739429776671853, 0.9739433920435593, 0.9737391044912183, 0.9749615147942725], 'cv_std_test_score': [0.006679976136684396, 0.0074581666083808305, 0.006572718231506078, 0.007402005718213221, 0.004470927064249007, 0.007567575475832559, 0.007273668379302682, 0.007993867779097082, 0.007345972408280299, 0.007117745248444536, 0.006784309254636003, 0.00694071374910749, 0.005980989734526122, 0.006710010434937664, 0.006535661247030747, 0.007060219718205554, 0.006662449375062262, 0.006942080981538495, 0.006850858367130436, 0.005469183362871505, 0.006940822365761834], 'cv_mean_fit_time': [0.014569664001464843, 0.027586746215820312, 0.03965039253234863, 0.05250215530395508, 0.08984055519104003, 0.08628602027893066, 0.11141934394836425, 0.13520593643188478, 0.1644512176513672, 0.20687193870544435, 0.2208585262298584, 0.2644513607025146, 0.295316219329834, 0.33397574424743653, 0.37810254096984863, 0.4318078517913818, 0.5336114406585694, 0.5691655158996582, 0.5885602951049804, 0.6655256748199463, 0.7444203853607178], 'cv_std_fit_time': [0.0009119478125919361, 0.0026795294342615754, 0.0014779075173436537, 0.0012803475766236042, 0.006688548403243225, 0.0030258071622271863, 0.010516761647021347, 0.0070282272647756595, 0.006084260307408222, 0.016480273337112637, 0.006210863104701793, 0.028443549631667932, 0.03447406525204093, 0.043739951805676004, 0.013434222248934811, 0.05796520791078721, 0.057953716251096146, 0.07210483147330153, 0.05738087104316823, 0.039864070018431404, 0.039525188660366]}
