
    --------------------
    'Model: Nystrom and ridge regression 
    	Dataset: abalone (regression) of shape (4177, 8) 	CV: 5 	n_jobs: 5
    	 params: {'regressor__nystroem__gamma': array([1.22070312e-04, 1.38106793e-03, 1.56250000e-02, 1.76776695e-01,
       2.00000000e+00]), 'regressor__ridge_regression__alpha': array([1.00000000e-04, 3.16227766e-03, 1.00000000e-01, 3.16227766e+00,
       1.00000000e+02])} 
    	 number of hyperparameter 25
    
        	 n components [41, 83, 167, 208, 292, 375, 417, 501, 543, 626, 710, 751, 835, 877, 960, 1044]
        	 which correspond with the [1, 2, 4, 5, 7, 9, 10, 12, 13, 15, 17, 18, 20, 21, 23, 25] % of the data
        --------------------
        
{'percent': [1, 2, 4, 5, 7, 9, 10, 12, 13, 15, 17, 18, 20, 21, 23, 25], 'n_components': [41, 83, 167, 208, 292, 375, 417, 501, 543, 626, 710, 751, 835, 877, 960, 1044], 'Mean Score in test': [0.5509205457424411, 0.5730426153328478, 0.5718396858960879, 0.5709182940289956, 0.5712508047907568, 0.5703249683529541, 0.5701774465926395, 0.5693086445045618, 0.5701780037369233, 0.5695443277104361, 0.5693143718294137, 0.5698559697556469, 0.5697061262293301, 0.5690805094648197, 0.5697248345506991, 0.5694553241623121], 'Std Score in test': [0.04968057288518761, 0.030001762640993385, 0.022881559876249506, 0.025329785704248434, 0.026403292202264915, 0.026761748698083416, 0.026866526741606056, 0.02655957885107195, 0.026081039909509576, 0.026426458794203474, 0.02656132984837677, 0.02624578471676066, 0.02641216390259429, 0.0267115204215124, 0.026397055223606324, 0.02647635366934058], 'Mean Training Time': [0.02869105339050293, 0.04054027795791626, 0.1139402985572815, 0.12773668766021729, 0.1749887466430664, 0.2678810954093933, 0.29221171140670776, 0.34387677907943726, 0.3555155396461487, 0.39676231145858765, 0.4847724437713623, 0.520958423614502, 0.6146889925003052, 0.7114419341087341, 0.7803082466125488, 0.9120257496833801], 'Std Training Time': [0.01601359520242879, 0.0199436348852353, 0.03890478490046086, 0.02772953609914792, 0.011747795470097471, 0.021864459457904908, 0.016377862204998136, 0.007412180892382941, 0.010399204919082658, 0.03652708061480751, 0.0192375683488943, 0.03612183892122401, 0.07158771466775435, 0.05060961791891421, 0.050258612998347524, 0.038646137157930374], 'Mean Best Score in CV': [0.5675440564091866, 0.5728840730628365, 0.571863619603186, 0.5714253570807691, 0.5710571994891614, 0.5715040608951573, 0.5709650303217042, 0.5709643396213677, 0.5707886994437951, 0.5714041868945294, 0.571131266663392, 0.571232550048999, 0.5716353142807985, 0.5710239148641467, 0.5709782695604577, 0.5711891411235973], 'Std Best Score in CV': [0.009608944742899566, 0.009067035347596671, 0.008692940155694464, 0.009349790363117212, 0.009354043339316411, 0.009427547295005174, 0.010334742643153141, 0.010754365164688574, 0.010301103327543025, 0.010940836843503195, 0.01072899239461247, 0.01074553751329102, 0.011148968404529553, 0.010552007512611207, 0.010477124430661183, 0.0107139760020175], 'cv_mean_test_score': [0.5675440564091866, 0.5728840730628365, 0.571863619603186, 0.5714253570807691, 0.5710571994891614, 0.5715040608951573, 0.5709650303217042, 0.5709643396213677, 0.5707886994437951, 0.5714041868945294, 0.571131266663392, 0.571232550048999, 0.5716353142807985, 0.5710239148641467, 0.5709782695604577, 0.5711891411235973], 'cv_std_test_score': [0.02542285357754969, 0.023950625059986578, 0.02469372349959772, 0.02568029411605636, 0.02689777191767975, 0.02629441122874809, 0.026881385050250478, 0.025484134369591873, 0.025488939228031412, 0.02519993362403305, 0.025632862373826004, 0.025700156685680996, 0.025331789398068454, 0.025321150278366327, 0.025594085584076984, 0.025582111265161373], 'cv_mean_fit_time': [0.01194216012954712, 0.02606997489929199, 0.048641645908355714, 0.07135132551193238, 0.11640346050262451, 0.18249268531799318, 0.23914556503295897, 0.33844828605651855, 0.390887713432312, 0.5417570352554322, 0.7187690734863281, 0.817773962020874, 1.0399667978286744, 1.188770604133606, 1.714785349369049, 2.1199115037918093], 'cv_std_fit_time': [0.0018902589235957833, 0.0022717994456661166, 0.00900397391880809, 0.008221024170992677, 0.01813625597685338, 0.03210057093102295, 0.03399470225791954, 0.06041882582766223, 0.07300496677673934, 0.07949539019291271, 0.1621560627150217, 0.1865390136603672, 0.25829776444935987, 0.3182046283504689, 0.396059403462791, 0.602527922244066]}
{'percent': [1, 1, 1, 1, 2, 2, 2, 2, 4, 4, 4, 4, 5, 5, 5, 5, 7, 7, 7, 7, 9, 9, 9, 9, 10, 10, 10, 10, 12, 12, 12, 12, 13, 13, 13, 13, 15, 15, 15, 15, 17, 17, 17, 17, 18, 18, 18, 18, 20, 20, 20, 20, 21, 21, 21, 21, 23, 23, 23, 23, 25, 25, 25, 25], 'n_components': [41, 41, 41, 41, 83, 83, 83, 83, 167, 167, 167, 167, 208, 208, 208, 208, 292, 292, 292, 292, 375, 375, 375, 375, 417, 417, 417, 417, 501, 501, 501, 501, 543, 543, 543, 543, 626, 626, 626, 626, 710, 710, 710, 710, 751, 751, 751, 751, 835, 835, 835, 835, 877, 877, 877, 877, 960, 960, 960, 960, 1044, 1044, 1044, 1044], 'Score in test': [0.5622478528509397, 0.4725713308762446, 0.6105060261997478, 0.5583569730428323, 0.5560865782776181, 0.5584736231563563, 0.6248866112554577, 0.5527236486419593, 0.5587785000728068, 0.5510911675639238, 0.6102110175856585, 0.5672780583619625, 0.5598969245739545, 0.5510318330264518, 0.6144061464377935, 0.5583382720777827, 0.5596420469256108, 0.550429452425691, 0.6165724515838579, 0.5583592682278679, 0.5556292813213071, 0.5508372968728079, 0.6164406137135577, 0.5583926815041438, 0.55514088833625, 0.5506997977265896, 0.6164702945083396, 0.5583988057993787, 0.5530722139885822, 0.5507090088593076, 0.6150577651053734, 0.558395590064984, 0.5568085990000473, 0.5504464569263134, 0.615056655871081, 0.5584003031502514, 0.5539939267817464, 0.550587985299147, 0.6150546927005252, 0.5585407060603256, 0.5533483041400313, 0.5504500811118513, 0.6150550100595313, 0.5584040920062407, 0.5553761199685274, 0.5505878376417654, 0.6150581688685384, 0.5584017525437563, 0.5546424814903903, 0.5504497235790538, 0.6151835857702542, 0.5585487140776226, 0.5521372911302049, 0.550580121260668, 0.615056159016075, 0.558548466452331, 0.5548580720617075, 0.5504511182275038, 0.615184642316832, 0.5584055055967533, 0.553832234132764, 0.5505263585436853, 0.615056961055546, 0.5584057429172538], 'Training Time': [0.01400136947631836, 0.011725902557373047, 0.047768354415893555, 0.04126858711242676, 0.023263216018676758, 0.07181215286254883, 0.043950557708740234, 0.02313518524169922, 0.08010292053222656, 0.11111760139465332, 0.17825627326965332, 0.08628439903259277, 0.10989618301391602, 0.10812640190124512, 0.17537212371826172, 0.11755204200744629, 0.19225716590881348, 0.17700719833374023, 0.17099237442016602, 0.1596982479095459, 0.2977101802825928, 0.23802709579467773, 0.27599239349365234, 0.2597947120666504, 0.26387500762939453, 0.30221986770629883, 0.300417423248291, 0.3023345470428467, 0.34696364402770996, 0.3319692611694336, 0.3521304130554199, 0.34444379806518555, 0.3532984256744385, 0.3405873775482178, 0.35871100425720215, 0.36946535110473633, 0.4462249279022217, 0.3916444778442383, 0.405256986618042, 0.34392285346984863, 0.45477819442749023, 0.4923267364501953, 0.48433399200439453, 0.5076508522033691, 0.5385618209838867, 0.5621566772460938, 0.518789529800415, 0.4643256664276123, 0.5786902904510498, 0.6995043754577637, 0.5167343616485596, 0.6638269424438477, 0.7857832908630371, 0.6592831611633301, 0.6707522869110107, 0.7299489974975586, 0.866265058517456, 0.743659496307373, 0.7644963264465332, 0.746812105178833, 0.9762637615203857, 0.8984527587890625, 0.900475025177002, 0.8729114532470703], 'Best Parameters': [{'regressor__nystroem__gamma': 0.015625, 'regressor__ridge_regression__alpha': 0.1}, {'regressor__nystroem__gamma': 0.015625, 'regressor__ridge_regression__alpha': 0.0031622776601683794}, {'regressor__nystroem__gamma': 0.015625, 'regressor__ridge_regression__alpha': 0.1}, {'regressor__nystroem__gamma': 0.015625, 'regressor__ridge_regression__alpha': 0.0031622776601683794}, {'regressor__nystroem__gamma': 0.015625, 'regressor__ridge_regression__alpha': 0.0031622776601683794}, {'regressor__nystroem__gamma': 0.015625, 'regressor__ridge_regression__alpha': 0.0031622776601683794}, {'regressor__nystroem__gamma': 0.015625, 'regressor__ridge_regression__alpha': 0.0031622776601683794}, {'regressor__nystroem__gamma': 0.1767766952966369, 'regressor__ridge_regression__alpha': 0.1}, {'regressor__nystroem__gamma': 0.015625, 'regressor__ridge_regression__alpha': 0.0031622776601683794}, {'regressor__nystroem__gamma': 0.015625, 'regressor__ridge_regression__alpha': 0.1}, {'regressor__nystroem__gamma': 0.1767766952966369, 'regressor__ridge_regression__alpha': 0.1}, {'regressor__nystroem__gamma': 0.1767766952966369, 'regressor__ridge_regression__alpha': 0.1}, {'regressor__nystroem__gamma': 0.015625, 'regressor__ridge_regression__alpha': 0.0031622776601683794}, {'regressor__nystroem__gamma': 0.015625, 'regressor__ridge_regression__alpha': 0.1}, {'regressor__nystroem__gamma': 0.1767766952966369, 'regressor__ridge_regression__alpha': 0.1}, {'regressor__nystroem__gamma': 0.015625, 'regressor__ridge_regression__alpha': 0.1}, {'regressor__nystroem__gamma': 0.015625, 'regressor__ridge_regression__alpha': 0.0031622776601683794}, {'regressor__nystroem__gamma': 0.015625, 'regressor__ridge_regression__alpha': 0.1}, {'regressor__nystroem__gamma': 0.1767766952966369, 'regressor__ridge_regression__alpha': 0.1}, {'regressor__nystroem__gamma': 0.015625, 'regressor__ridge_regression__alpha': 0.1}, {'regressor__nystroem__gamma': 0.1767766952966369, 'regressor__ridge_regression__alpha': 0.1}, {'regressor__nystroem__gamma': 0.015625, 'regressor__ridge_regression__alpha': 0.1}, {'regressor__nystroem__gamma': 0.1767766952966369, 'regressor__ridge_regression__alpha': 0.1}, {'regressor__nystroem__gamma': 0.015625, 'regressor__ridge_regression__alpha': 0.1}, {'regressor__nystroem__gamma': 0.1767766952966369, 'regressor__ridge_regression__alpha': 0.1}, {'regressor__nystroem__gamma': 0.015625, 'regressor__ridge_regression__alpha': 0.1}, {'regressor__nystroem__gamma': 0.1767766952966369, 'regressor__ridge_regression__alpha': 0.1}, {'regressor__nystroem__gamma': 0.015625, 'regressor__ridge_regression__alpha': 0.1}, {'regressor__nystroem__gamma': 0.1767766952966369, 'regressor__ridge_regression__alpha': 0.1}, {'regressor__nystroem__gamma': 0.015625, 'regressor__ridge_regression__alpha': 0.1}, {'regressor__nystroem__gamma': 0.015625, 'regressor__ridge_regression__alpha': 0.1}, {'regressor__nystroem__gamma': 0.015625, 'regressor__ridge_regression__alpha': 0.1}, {'regressor__nystroem__gamma': 0.1767766952966369, 'regressor__ridge_regression__alpha': 0.1}, {'regressor__nystroem__gamma': 0.015625, 'regressor__ridge_regression__alpha': 0.1}, {'regressor__nystroem__gamma': 0.015625, 'regressor__ridge_regression__alpha': 0.1}, {'regressor__nystroem__gamma': 0.015625, 'regressor__ridge_regression__alpha': 0.1}, {'regressor__nystroem__gamma': 0.1767766952966369, 'regressor__ridge_regression__alpha': 0.1}, {'regressor__nystroem__gamma': 0.015625, 'regressor__ridge_regression__alpha': 0.1}, {'regressor__nystroem__gamma': 0.015625, 'regressor__ridge_regression__alpha': 0.1}, {'regressor__nystroem__gamma': 0.015625, 'regressor__ridge_regression__alpha': 0.1}, {'regressor__nystroem__gamma': 0.1767766952966369, 'regressor__ridge_regression__alpha': 0.1}, {'regressor__nystroem__gamma': 0.015625, 'regressor__ridge_regression__alpha': 0.1}, {'regressor__nystroem__gamma': 0.015625, 'regressor__ridge_regression__alpha': 0.1}, {'regressor__nystroem__gamma': 0.015625, 'regressor__ridge_regression__alpha': 0.1}, {'regressor__nystroem__gamma': 0.1767766952966369, 'regressor__ridge_regression__alpha': 0.1}, {'regressor__nystroem__gamma': 0.015625, 'regressor__ridge_regression__alpha': 0.1}, {'regressor__nystroem__gamma': 0.015625, 'regressor__ridge_regression__alpha': 0.1}, {'regressor__nystroem__gamma': 0.015625, 'regressor__ridge_regression__alpha': 0.1}, {'regressor__nystroem__gamma': 0.1767766952966369, 'regressor__ridge_regression__alpha': 0.1}, {'regressor__nystroem__gamma': 0.015625, 'regressor__ridge_regression__alpha': 0.1}, {'regressor__nystroem__gamma': 0.015625, 'regressor__ridge_regression__alpha': 0.1}, {'regressor__nystroem__gamma': 0.015625, 'regressor__ridge_regression__alpha': 0.1}, {'regressor__nystroem__gamma': 0.1767766952966369, 'regressor__ridge_regression__alpha': 0.1}, {'regressor__nystroem__gamma': 0.015625, 'regressor__ridge_regression__alpha': 0.1}, {'regressor__nystroem__gamma': 0.015625, 'regressor__ridge_regression__alpha': 0.1}, {'regressor__nystroem__gamma': 0.015625, 'regressor__ridge_regression__alpha': 0.1}, {'regressor__nystroem__gamma': 0.1767766952966369, 'regressor__ridge_regression__alpha': 0.1}, {'regressor__nystroem__gamma': 0.015625, 'regressor__ridge_regression__alpha': 0.1}, {'regressor__nystroem__gamma': 0.015625, 'regressor__ridge_regression__alpha': 0.1}, {'regressor__nystroem__gamma': 0.015625, 'regressor__ridge_regression__alpha': 0.1}, {'regressor__nystroem__gamma': 0.1767766952966369, 'regressor__ridge_regression__alpha': 0.1}, {'regressor__nystroem__gamma': 0.015625, 'regressor__ridge_regression__alpha': 0.1}, {'regressor__nystroem__gamma': 0.015625, 'regressor__ridge_regression__alpha': 0.1}, {'regressor__nystroem__gamma': 0.015625, 'regressor__ridge_regression__alpha': 0.1}], 'Best Score in CV': [0.5683388568493378, 0.5742943624939212, 0.5516334509950354, 0.575909555298452, 0.5801564241222174, 0.5792330483408664, 0.5576212599495538, 0.5745255598387086, 0.5800308040018709, 0.5755807698551358, 0.5572286385170628, 0.5746142660386745, 0.5809441554163606, 0.5756672507745639, 0.5559894627811899, 0.5731005593509623, 0.5803241154145906, 0.5755902024052599, 0.555544755497946, 0.5727697246388492, 0.5815066625393681, 0.5756034274459305, 0.5561096664415309, 0.5727964871537995, 0.5813523103632757, 0.5756175889675508, 0.5538381510136261, 0.5730520709423645, 0.581934707929695, 0.5756279503838263, 0.5531895244341342, 0.5731051757378156, 0.5809737007438569, 0.5756473727593446, 0.5536764010360427, 0.572857323235936, 0.5833113070998084, 0.5756313769308792, 0.5536158946830325, 0.5730581688643976, 0.5825443599225435, 0.5756429325737211, 0.5536024795271433, 0.57273529463016, 0.5826222090140346, 0.5756411204104552, 0.5536402816961575, 0.5730265890753483, 0.5840886967843936, 0.5756535354404997, 0.5536448139594143, 0.5731542109388866, 0.5817940635370901, 0.5756570451863124, 0.553593787579049, 0.5730507631541354, 0.5815448915918485, 0.5756502679655499, 0.5536252113824842, 0.5730927073019483, 0.5823922742623807, 0.5756441940742846, 0.5535822660613938, 0.5731378300963301], 'cv_mean_test_score': [0.5683388568493378, 0.5742943624939212, 0.5516334509950354, 0.575909555298452, 0.5801564241222174, 0.5792330483408664, 0.5576212599495538, 0.5745255598387086, 0.5800308040018709, 0.5755807698551358, 0.5572286385170628, 0.5746142660386745, 0.5809441554163606, 0.5756672507745639, 0.5559894627811899, 0.5731005593509623, 0.5803241154145906, 0.5755902024052599, 0.555544755497946, 0.5727697246388492, 0.5815066625393681, 0.5756034274459305, 0.5561096664415309, 0.5727964871537995, 0.5813523103632757, 0.5756175889675508, 0.5538381510136261, 0.5730520709423645, 0.581934707929695, 0.5756279503838263, 0.5531895244341342, 0.5731051757378156, 0.5809737007438569, 0.5756473727593446, 0.5536764010360427, 0.572857323235936, 0.5833113070998084, 0.5756313769308792, 0.5536158946830325, 0.5730581688643976, 0.5825443599225435, 0.5756429325737211, 0.5536024795271433, 0.57273529463016, 0.5826222090140346, 0.5756411204104552, 0.5536402816961575, 0.5730265890753483, 0.5840886967843936, 0.5756535354404997, 0.5536448139594143, 0.5731542109388866, 0.5817940635370901, 0.5756570451863124, 0.553593787579049, 0.5730507631541354, 0.5815448915918485, 0.5756502679655499, 0.5536252113824842, 0.5730927073019483, 0.5823922742623807, 0.5756441940742846, 0.5535822660613938, 0.5731378300963301], 'cv_std_test_score': [0.03500099584137418, 0.028686016660403352, 0.009991223731420047, 0.0280131780770012, 0.03969575083884874, 0.029401252055023377, 0.007830619370553836, 0.01887487797552036, 0.039204601064910506, 0.029192690611255515, 0.007199260850413922, 0.023178341471810943, 0.03751533786248734, 0.02913272381069195, 0.008743385433439676, 0.02732972935760646, 0.03799677792397053, 0.02919628004176588, 0.012814346321084337, 0.02758368338389826, 0.035977917320811, 0.02919985906983694, 0.012434225276495691, 0.027565643247848732, 0.036354164285727346, 0.029186690152167998, 0.014628644907979778, 0.027356040855126808, 0.03577052798869635, 0.029210739599788833, 0.009465454670885264, 0.027489815218997043, 0.035944671000850394, 0.029191241469671118, 0.0091146283088507, 0.027705216132753438, 0.035085322102932484, 0.029194777630317772, 0.009161690117382932, 0.027357944645499014, 0.036601823786273115, 0.029194699005083403, 0.009141451532259792, 0.027593475171687715, 0.037070810725059765, 0.029191565535887035, 0.009167597588920724, 0.027370652892856465, 0.03545059538643087, 0.02919234524124823, 0.00921393329229788, 0.027470283672296838, 0.03554817184315704, 0.029200512678058795, 0.00917599878816037, 0.0273599178040891, 0.03652044047914702, 0.029189756621861584, 0.009170452047059944, 0.02749569318823939, 0.03648839506639963, 0.02919396192151588, 0.00916921535329019, 0.027476872719439785], 'cv_mean_fit_time': [0.012686491012573242, 0.012939453125, 0.010816621780395507, 0.011326074600219727, 0.02517523765563965, 0.025912666320800783, 0.024930572509765624, 0.028261423110961914, 0.05074286460876465, 0.048452568054199216, 0.0431727409362793, 0.05219841003417969, 0.06120519638061524, 0.0747467041015625, 0.07731609344482422, 0.07213730812072754, 0.1131516456604004, 0.12984561920166016, 0.11192960739135742, 0.11068696975708008, 0.19104719161987305, 0.1656813144683838, 0.1941174030303955, 0.1791248321533203, 0.24356188774108886, 0.23560724258422852, 0.24916620254516603, 0.22824692726135254, 0.34993410110473633, 0.33051791191101076, 0.33560833930969236, 0.33773279190063477, 0.40248713493347166, 0.38636322021484376, 0.38536906242370605, 0.38933143615722654, 0.5725939750671387, 0.5433243751525879, 0.5172722339630127, 0.5338375568389893, 0.7011268138885498, 0.6966472148895264, 0.7021648406982421, 0.7751374244689941, 0.821190071105957, 0.8096745491027832, 0.8134547233581543, 0.8267765045166016, 1.060207462310791, 1.0380053997039795, 1.0184102058410645, 1.0432441234588623, 1.19237322807312, 1.2515690803527832, 1.1564939975738526, 1.154646110534668, 1.9739438056945802, 1.6814548015594482, 1.5207264423370361, 1.6830163478851319, 2.016697359085083, 2.293975830078125, 2.034390926361084, 2.1345818996429444], 'cv_std_fit_time': [0.002311307954181788, 0.0011283419044857102, 0.0017969891667520186, 0.002324396668963617, 0.001021194112893076, 0.00010662579993820838, 0.0029382124749284338, 0.005021165394904748, 0.009689453946248509, 0.007712244864805135, 0.009514711636305488, 0.00909948522787323, 0.013532920469193074, 0.005561999419255683, 0.0005411103950646015, 0.013248066400457352, 0.018802656955901362, 0.0034418093989711804, 0.025556901591473714, 0.024743655961067264, 0.01831525152210729, 0.0426276045972316, 0.034978901761909535, 0.032480525842843375, 0.04243650862258456, 0.03844773110694639, 0.014338588843837952, 0.04075598045830927, 0.054532008003157065, 0.07828095234868931, 0.06232717449990151, 0.04653516845890108, 0.04450128925992672, 0.07724735025509032, 0.08429815908265716, 0.08597306850928321, 0.08706385268849137, 0.08895443666976226, 0.08731502957317527, 0.054648241840221955, 0.17755455240855764, 0.17633638001130877, 0.15110165717532284, 0.1436316612648976, 0.20712332017130378, 0.1805507120811898, 0.2065533295724275, 0.15192869281654772, 0.21786430356902034, 0.270598232301919, 0.27127529910531145, 0.2734532228211887, 0.3269079649041113, 0.3534496435993472, 0.2919697262222955, 0.3004911786761218, 0.46688342688005363, 0.5150075560908338, 0.30506389543109913, 0.2972827354491775, 0.59361316501426, 0.47968737810995254, 0.6409209394774105, 0.6958902063746413]}
