
    --------------------
    'Model: Nystrom and ridge classification 
    	Dataset: a5a (classification) of shape (6414, 123) 	CV: 5 	n_jobs: 5
    	 params: {'nystroem__gamma': array([7.93953252e-06, 8.98255566e-05, 1.01626016e-03, 1.14976712e-02,
       1.30081301e-01]), 'ridge_classification__alpha': array([1.00000000e-04, 3.16227766e-03, 1.00000000e-01, 3.16227766e+00,
       1.00000000e+02])} 
    	 number of hyperparameter 25
    
        	 n components [64, 128, 256, 320, 448, 577, 641, 769, 833, 962, 1090, 1154, 1282, 1346, 1475, 1603]
        	 which correspond with the [1, 2, 4, 5, 7, 9, 10, 12, 13, 15, 17, 18, 20, 21, 23, 25] % of the data
        --------------------
        
{'percent': [1, 2, 4, 5, 7, 9, 10, 12, 13, 15, 17, 18, 20, 21, 23, 25], 'n_components': [64, 128, 256, 320, 448, 577, 641, 769, 833, 962, 1090, 1154, 1282, 1346, 1475, 1603], 'Mean Score in test': [0.845374230313229, 0.8440738899300111, 0.8449535319539526, 0.8456801927563392, 0.8441121352353999, 0.8462921176425594, 0.8448387960377863, 0.8442651164569549, 0.8455654568401728, 0.8443033617623437, 0.8452977397024515, 0.8442651164569549, 0.8451830037862852, 0.8454507209240065, 0.8442651164569549, 0.845221249091674], 'Std Score in test': [0.0, 0.0, 0.0, 0.0, 0.0, 0.0, 0.0, 0.0, 0.0, 0.0, 0.0, 0.0, 0.0, 0.0, 0.0, 0.0], 'Mean Training Time': [0.13643622398376465, 0.18480753898620605, 0.31207275390625, 0.27329587936401367, 0.47350621223449707, 0.563230037689209, 0.6320013999938965, 0.9100077152252197, 1.1225574016571045, 1.238537311553955, 1.485398292541504, 1.817575454711914, 2.4494993686676025, 2.3047544956207275, 3.2311370372772217, 3.2410175800323486], 'Std Training Time': [0.0, 0.0, 0.0, 0.0, 0.0, 0.0, 0.0, 0.0, 0.0, 0.0, 0.0, 0.0, 0.0, 0.0, 0.0, 0.0], 'Mean Best Score in CV': [0.84097395072732, 0.8426877090672091, 0.8425324323962826, 0.8423764261560329, 0.8423760613713714, 0.8433114908384333, 0.841440875094084, 0.8414408750940842, 0.8419087722199456, 0.8417527659796962, 0.8422200551311219, 0.8420641704857594, 0.8417526443848089, 0.8419084074352842, 0.8415965165496722, 0.8422201767260091], 'Std Best Score in CV': [0.0, 0.0, 0.0, 0.0, 0.0, 0.0, 0.0, 0.0, 0.0, 0.0, 0.0, 0.0, 0.0, 0.0, 0.0, 0.0], 'cv_mean_test_score': [0.84097395072732, 0.8426877090672091, 0.8425324323962826, 0.8423764261560329, 0.8423760613713714, 0.8433114908384333, 0.841440875094084, 0.8414408750940842, 0.8419087722199456, 0.8417527659796962, 0.8422200551311219, 0.8420641704857594, 0.8417526443848089, 0.8419084074352842, 0.8415965165496722, 0.8422201767260091], 'cv_std_test_score': [0.00518513431929729, 0.004769154238508138, 0.0040166169759384375, 0.002784752301793135, 0.003320687543012531, 0.0022595119218215428, 0.0036965882044063788, 0.003696588204406395, 0.004029543561109415, 0.0034344793053311495, 0.0035446206795497082, 0.0030256630596485878, 0.0029451993692854797, 0.0026216385559051174, 0.0033206854414382387, 0.003060540228130406]}
{'percent': [1, 2, 4, 5, 7, 9, 10, 12, 13, 15, 17, 18, 20, 21, 23, 25], 'n_components': [64, 128, 256, 320, 448, 577, 641, 769, 833, 962, 1090, 1154, 1282, 1346, 1475, 1603], 'Score in test': [0.845374230313229, 0.8440738899300111, 0.8449535319539526, 0.8456801927563392, 0.8441121352353999, 0.8462921176425594, 0.8448387960377863, 0.8442651164569549, 0.8455654568401728, 0.8443033617623437, 0.8452977397024515, 0.8442651164569549, 0.8451830037862852, 0.8454507209240065, 0.8442651164569549, 0.845221249091674], 'Training Time': [0.13643622398376465, 0.18480753898620605, 0.31207275390625, 0.27329587936401367, 0.47350621223449707, 0.563230037689209, 0.6320013999938965, 0.9100077152252197, 1.1225574016571045, 1.238537311553955, 1.485398292541504, 1.817575454711914, 2.4494993686676025, 2.3047544956207275, 3.2311370372772217, 3.2410175800323486], 'Best Parameters': [{'nystroem__gamma': 7.939532520325204e-06, 'ridge_classification__alpha': 0.0001}, {'nystroem__gamma': 8.982555655316915e-05, 'ridge_classification__alpha': 0.1}, {'nystroem__gamma': 8.982555655316915e-05, 'ridge_classification__alpha': 0.1}, {'nystroem__gamma': 7.939532520325204e-06, 'ridge_classification__alpha': 0.0001}, {'nystroem__gamma': 8.982555655316915e-05, 'ridge_classification__alpha': 0.1}, {'nystroem__gamma': 7.939532520325204e-06, 'ridge_classification__alpha': 0.0001}, {'nystroem__gamma': 7.939532520325204e-06, 'ridge_classification__alpha': 0.0001}, {'nystroem__gamma': 8.982555655316915e-05, 'ridge_classification__alpha': 0.1}, {'nystroem__gamma': 7.939532520325204e-06, 'ridge_classification__alpha': 0.0001}, {'nystroem__gamma': 7.939532520325204e-06, 'ridge_classification__alpha': 0.0031622776601683794}, {'nystroem__gamma': 7.939532520325204e-06, 'ridge_classification__alpha': 0.0001}, {'nystroem__gamma': 8.982555655316915e-05, 'ridge_classification__alpha': 0.1}, {'nystroem__gamma': 7.939532520325204e-06, 'ridge_classification__alpha': 0.0001}, {'nystroem__gamma': 7.939532520325204e-06, 'ridge_classification__alpha': 0.0001}, {'nystroem__gamma': 8.982555655316915e-05, 'ridge_classification__alpha': 0.1}, {'nystroem__gamma': 7.939532520325204e-06, 'ridge_classification__alpha': 0.0001}], 'Best Score in CV': [0.84097395072732, 0.8426877090672091, 0.8425324323962826, 0.8423764261560329, 0.8423760613713714, 0.8433114908384333, 0.841440875094084, 0.8414408750940842, 0.8419087722199456, 0.8417527659796962, 0.8422200551311219, 0.8420641704857594, 0.8417526443848089, 0.8419084074352842, 0.8415965165496722, 0.8422201767260091], 'cv_mean_test_score': [0.84097395072732, 0.8426877090672091, 0.8425324323962826, 0.8423764261560329, 0.8423760613713714, 0.8433114908384333, 0.841440875094084, 0.8414408750940842, 0.8419087722199456, 0.8417527659796962, 0.8422200551311219, 0.8420641704857594, 0.8417526443848089, 0.8419084074352842, 0.8415965165496722, 0.8422201767260091], 'cv_std_test_score': [0.00518513431929729, 0.004769154238508138, 0.0040166169759384375, 0.002784752301793135, 0.003320687543012531, 0.0022595119218215428, 0.0036965882044063788, 0.003696588204406395, 0.004029543561109415, 0.0034344793053311495, 0.0035446206795497082, 0.0030256630596485878, 0.0029451993692854797, 0.0026216385559051174, 0.0033206854414382387, 0.003060540228130406]}
