
    --------------------
    'Model: Random Fourier features and ridge classification 
    	Dataset: a5a (classification) of shape (6414, 123) 	CV: 5 	n_jobs: 5
    	 params: {'fourier_random_features__gamma': [7.939532520325204e-06, 8.982555655316915e-05, 0.0010162601626016261, 0.011497671238805652, 0.13008130081300814], 'ridge_classification__alpha': array([1.00000000e-04, 3.16227766e-03, 1.00000000e-01, 3.16227766e+00,
       1.00000000e+02])} 
    	 number of hyperparameter 25
    
        	 n components [64, 128, 256, 320, 448, 577, 641, 769, 833, 962, 1090, 1154, 1282, 1346, 1475, 1603]
        	 which correspond with the [1, 2, 4, 5, 7, 9, 10, 12, 13, 15, 17, 18, 20, 21, 23, 25] % of the data
        --------------------
        
{'percent': [1, 2, 4, 5, 7, 9, 10, 12, 13, 15, 17, 18, 20, 21, 23, 25], 'n_components': [64, 128, 256, 320, 448, 577, 641, 769, 833, 962, 1090, 1154, 1282, 1346, 1475, 1603], 'Mean Score in test': [0.8257926339541821, 0.8441121352353999, 0.8433472291276246, 0.8435384556545684, 0.8450300225647301, 0.8439591540138448, 0.8443416070677324, 0.8442268711515661, 0.8438444180976785, 0.8434237197384021, 0.8439973993192336, 0.8440356446246223, 0.8441886258461774, 0.8439973993192336, 0.8441121352353999, 0.844571078900065], 'Std Score in test': [0.0, 0.0, 0.0, 0.0, 0.0, 0.0, 0.0, 0.0, 0.0, 0.0, 0.0, 0.0, 0.0, 0.0, 0.0, 0.0], 'Mean Training Time': [0.08662986755371094, 0.1155552864074707, 0.1862804889678955, 0.22178196907043457, 0.3102741241455078, 0.4479212760925293, 0.45924973487854004, 0.5539710521697998, 0.6237695217132568, 0.7127978801727295, 0.8718783855438232, 0.9034676551818848, 0.923572301864624, 0.9767310619354248, 1.0282080173492432, 1.1584320068359375], 'Std Training Time': [0.0, 0.0, 0.0, 0.0, 0.0, 0.0, 0.0, 0.0, 0.0, 0.0, 0.0, 0.0, 0.0, 0.0, 0.0, 0.0], 'Mean Best Score in CV': [0.826785286532272, 0.841128254639149, 0.841128862613585, 0.8420642920806465, 0.8409723699937863, 0.841440267119648, 0.8406607222979489, 0.840660843892836, 0.8403493177918854, 0.8406607222979489, 0.8406604791081744, 0.8422201767260091, 0.8405053240321351, 0.8417521580052603, 0.8406607222979489, 0.8414406319043095], 'Std Best Score in CV': [0.0, 0.0, 0.0, 0.0, 0.0, 0.0, 0.0, 0.0, 0.0, 0.0, 0.0, 0.0, 0.0, 0.0, 0.0, 0.0], 'cv_mean_test_score': [0.826785286532272, 0.841128254639149, 0.841128862613585, 0.8420642920806465, 0.8409723699937863, 0.841440267119648, 0.8406607222979489, 0.840660843892836, 0.8403493177918854, 0.8406607222979489, 0.8406604791081744, 0.8422201767260091, 0.8405053240321351, 0.8417521580052603, 0.8406607222979489, 0.8414406319043095], 'cv_std_test_score': [0.007781829924025777, 0.0031981802624078174, 0.004657883087226918, 0.003098749584131034, 0.0032942787364230283, 0.0032335493117281676, 0.002515025755083271, 0.004265302048415966, 0.003982931313519975, 0.003722682040311996, 0.004419008101599942, 0.0018801332531656772, 0.0033198919219289327, 0.00216730346239843, 0.0027898666470493856, 0.003706866425955051]}
{'percent': [1, 2, 4, 5, 7, 9, 10, 12, 13, 15, 17, 18, 20, 21, 23, 25], 'n_components': [64, 128, 256, 320, 448, 577, 641, 769, 833, 962, 1090, 1154, 1282, 1346, 1475, 1603], 'Score in test': [0.8257926339541821, 0.8441121352353999, 0.8433472291276246, 0.8435384556545684, 0.8450300225647301, 0.8439591540138448, 0.8443416070677324, 0.8442268711515661, 0.8438444180976785, 0.8434237197384021, 0.8439973993192336, 0.8440356446246223, 0.8441886258461774, 0.8439973993192336, 0.8441121352353999, 0.844571078900065], 'Training Time': [0.08662986755371094, 0.1155552864074707, 0.1862804889678955, 0.22178196907043457, 0.3102741241455078, 0.4479212760925293, 0.45924973487854004, 0.5539710521697998, 0.6237695217132568, 0.7127978801727295, 0.8718783855438232, 0.9034676551818848, 0.923572301864624, 0.9767310619354248, 1.0282080173492432, 1.1584320068359375], 'Best Parameters': [{'fourier_random_features__gamma': 0.0010162601626016261, 'ridge_classification__alpha': 0.1}, {'fourier_random_features__gamma': 7.939532520325204e-06, 'ridge_classification__alpha': 0.0001}, {'fourier_random_features__gamma': 7.939532520325204e-06, 'ridge_classification__alpha': 0.0031622776601683794}, {'fourier_random_features__gamma': 7.939532520325204e-06, 'ridge_classification__alpha': 0.0031622776601683794}, {'fourier_random_features__gamma': 7.939532520325204e-06, 'ridge_classification__alpha': 0.0001}, {'fourier_random_features__gamma': 7.939532520325204e-06, 'ridge_classification__alpha': 0.0001}, {'fourier_random_features__gamma': 7.939532520325204e-06, 'ridge_classification__alpha': 0.0001}, {'fourier_random_features__gamma': 7.939532520325204e-06, 'ridge_classification__alpha': 0.0001}, {'fourier_random_features__gamma': 8.982555655316915e-05, 'ridge_classification__alpha': 0.1}, {'fourier_random_features__gamma': 8.982555655316915e-05, 'ridge_classification__alpha': 0.1}, {'fourier_random_features__gamma': 8.982555655316915e-05, 'ridge_classification__alpha': 0.1}, {'fourier_random_features__gamma': 7.939532520325204e-06, 'ridge_classification__alpha': 0.0001}, {'fourier_random_features__gamma': 7.939532520325204e-06, 'ridge_classification__alpha': 0.0031622776601683794}, {'fourier_random_features__gamma': 7.939532520325204e-06, 'ridge_classification__alpha': 0.0001}, {'fourier_random_features__gamma': 7.939532520325204e-06, 'ridge_classification__alpha': 0.0001}, {'fourier_random_features__gamma': 7.939532520325204e-06, 'ridge_classification__alpha': 0.0001}], 'Best Score in CV': [0.826785286532272, 0.841128254639149, 0.841128862613585, 0.8420642920806465, 0.8409723699937863, 0.841440267119648, 0.8406607222979489, 0.840660843892836, 0.8403493177918854, 0.8406607222979489, 0.8406604791081744, 0.8422201767260091, 0.8405053240321351, 0.8417521580052603, 0.8406607222979489, 0.8414406319043095], 'cv_mean_test_score': [0.826785286532272, 0.841128254639149, 0.841128862613585, 0.8420642920806465, 0.8409723699937863, 0.841440267119648, 0.8406607222979489, 0.840660843892836, 0.8403493177918854, 0.8406607222979489, 0.8406604791081744, 0.8422201767260091, 0.8405053240321351, 0.8417521580052603, 0.8406607222979489, 0.8414406319043095], 'cv_std_test_score': [0.007781829924025777, 0.0031981802624078174, 0.004657883087226918, 0.003098749584131034, 0.0032942787364230283, 0.0032335493117281676, 0.002515025755083271, 0.004265302048415966, 0.003982931313519975, 0.003722682040311996, 0.004419008101599942, 0.0018801332531656772, 0.0033198919219289327, 0.00216730346239843, 0.0027898666470493856, 0.003706866425955051]}
