
    --------------------
    'Model: Nystrom and ridge classification 
    	Dataset: w3a (classification) of shape (4912, 300) 	CV: 5 	n_jobs: 5
    	 params: {'nystroem__gamma': array([3.25520833e-06, 3.68284782e-05, 4.16666667e-04, 4.71404521e-03,
       5.33333333e-02]), 'ridge_classification__alpha': array([1.00000000e-04, 3.16227766e-03, 1.00000000e-01, 3.16227766e+00,
       1.00000000e+02])} 
    	 number of hyperparameter 25
    
        	 n components [1, 50, 99, 148, 197, 246, 295, 344, 393, 443, 492, 541, 590, 639, 688, 737, 786, 836, 885, 934, 983]
        	 which correspond with the [0, 0, 1, 2, 2, 3, 4, 4, 5, 6, 6, 7, 8, 9, 9, 10, 11, 11, 12, 13, 13, 14, 15, 15, 16, 17, 17, 18, 19, 20] % of the data
        --------------------
        
{'percent': [0, 0, 1, 2, 2, 3, 4, 4, 5, 6, 6, 7, 8, 9, 9, 10, 11, 11, 12, 13, 13], 'n_components': [1, 50, 99, 148, 197, 246, 295, 344, 393, 443, 492, 541, 590, 639, 688, 737, 786, 836, 885, 934, 983], 'Mean Score in test': [0.9751767513437563, 0.9774516582286951, 0.9778531123848607, 0.9762695987688739, 0.9774293552200192, 0.9764703258469567, 0.9785445056538127, 0.9789459598099783, 0.9787006267145438, 0.9785668086624886, 0.9789682628186542, 0.9784329906104333, 0.9788790507839508, 0.9799718982090684, 0.9788121417579232, 0.9813769877556482, 0.9802841403305306, 0.9799049891830408, 0.9808640185561032, 0.9789905658273301, 0.9792358989227646], 'Std Score in test': [0.0, 0.0, 0.0, 0.0, 0.0, 0.0, 0.0, 0.0, 0.0, 0.0, 0.0, 0.0, 0.0, 0.0, 0.0, 0.0, 0.0, 0.0, 0.0, 0.0, 0.0], 'Mean Training Time': [0.011442899703979492, 0.030373811721801758, 0.0444338321685791, 0.07432293891906738, 0.0826261043548584, 0.09379911422729492, 0.11307287216186523, 0.10874509811401367, 0.14081406593322754, 0.1705489158630371, 0.28295087814331055, 0.20821928977966309, 0.2548551559448242, 0.24611687660217285, 0.2969779968261719, 0.3379530906677246, 0.3735990524291992, 0.4313771724700928, 0.46622323989868164, 0.528378963470459, 0.5514979362487793], 'Std Training Time': [0.0, 0.0, 0.0, 0.0, 0.0, 0.0, 0.0, 0.0, 0.0, 0.0, 0.0, 0.0, 0.0, 0.0, 0.0, 0.0, 0.0, 0.0, 0.0, 0.0, 0.0], 'Mean Best Score in CV': [0.9747572272419316, 0.9765895995673912, 0.9772001831543573, 0.9753686395816455, 0.9753684323934586, 0.9737405548085271, 0.9751643520293047, 0.9747570200537445, 0.9743505168309324, 0.9743511383954931, 0.9749611004178986, 0.9739433920435593, 0.9735362672561862, 0.9735360600679991, 0.9731291424688131, 0.9733323940802192, 0.9733326012684062, 0.9735360600679991, 0.9735362672561862, 0.9735360600679993, 0.9731291424688131], 'Std Best Score in CV': [0.0, 0.0, 0.0, 0.0, 0.0, 0.0, 0.0, 0.0, 0.0, 0.0, 0.0, 0.0, 0.0, 0.0, 0.0, 0.0, 0.0, 0.0, 0.0, 0.0, 0.0], 'cv_mean_test_score': [0.9747572272419316, 0.9765895995673912, 0.9772001831543573, 0.9753686395816455, 0.9753684323934586, 0.9737405548085271, 0.9751643520293047, 0.9747570200537445, 0.9743505168309324, 0.9743511383954931, 0.9749611004178986, 0.9739433920435593, 0.9735362672561862, 0.9735360600679991, 0.9731291424688131, 0.9733323940802192, 0.9733326012684062, 0.9735360600679991, 0.9735362672561862, 0.9735360600679993, 0.9731291424688131], 'cv_std_test_score': [0.0061462457202415745, 0.005140600105872482, 0.005438695645779374, 0.006598527979559409, 0.006042315880517226, 0.008317308411075995, 0.004918531177297295, 0.005582028988907165, 0.007053516858160555, 0.008065104300457187, 0.005876081933356036, 0.007942250455782111, 0.006648223395083703, 0.007187355171522265, 0.006940404829894623, 0.007645197512160153, 0.00705323080933048, 0.007741910034867299, 0.006679346723798868, 0.006130547291782039, 0.006445614160165575], 'cv_mean_fit_time': [0.011175870895385742, 0.020252752304077148, 0.029679584503173827, 0.037055444717407224, 0.05068879127502442, 0.06184654235839844, 0.08240838050842285, 0.10684475898742676, 0.12606573104858398, 0.14913473129272461, 0.18676328659057617, 0.21812543869018555, 0.24784650802612304, 0.29459547996520996, 0.3404247283935547, 0.3777357578277588, 0.42716550827026367, 0.4847532272338867, 0.5739009380340576, 0.64917893409729, 0.708108377456665], 'cv_std_fit_time': [0.0007336777267916427, 0.0021473163808727576, 0.0018720479346173882, 0.0033234711120616253, 0.002700843208834633, 0.003793600804881306, 0.008072474845130002, 0.009959406111064257, 0.007576411874162715, 0.012053502121526649, 0.013172598484061307, 0.011099624507807495, 0.02786710985881114, 0.03155835057729706, 0.03724701023229951, 0.009722305449642414, 0.02067871894522326, 0.02587350026391795, 0.021869087962938218, 0.029803916334404115, 0.018529389933044746]}
{'percent': [0, 0, 1, 2, 2, 3, 4, 4, 5, 6, 6, 7, 8, 9, 9, 10, 11, 11, 12, 13, 13], 'n_components': [1, 50, 99, 148, 197, 246, 295, 344, 393, 443, 492, 541, 590, 639, 688, 737, 786, 836, 885, 934, 983], 'Score in test': [0.9751767513437563, 0.9774516582286951, 0.9778531123848607, 0.9762695987688739, 0.9774293552200192, 0.9764703258469567, 0.9785445056538127, 0.9789459598099783, 0.9787006267145438, 0.9785668086624886, 0.9789682628186542, 0.9784329906104333, 0.9788790507839508, 0.9799718982090684, 0.9788121417579232, 0.9813769877556482, 0.9802841403305306, 0.9799049891830408, 0.9808640185561032, 0.9789905658273301, 0.9792358989227646], 'Training Time': [0.011442899703979492, 0.030373811721801758, 0.0444338321685791, 0.07432293891906738, 0.0826261043548584, 0.09379911422729492, 0.11307287216186523, 0.10874509811401367, 0.14081406593322754, 0.1705489158630371, 0.28295087814331055, 0.20821928977966309, 0.2548551559448242, 0.24611687660217285, 0.2969779968261719, 0.3379530906677246, 0.3735990524291992, 0.4313771724700928, 0.46622323989868164, 0.528378963470459, 0.5514979362487793], 'Best Parameters': [{'nystroem__gamma': 0.0004166666666666667, 'ridge_classification__alpha': 0.0001}, {'nystroem__gamma': 0.0004166666666666667, 'ridge_classification__alpha': 0.0001}, {'nystroem__gamma': 0.0004166666666666667, 'ridge_classification__alpha': 0.0001}, {'nystroem__gamma': 0.0004166666666666667, 'ridge_classification__alpha': 0.0031622776601683794}, {'nystroem__gamma': 0.0004166666666666667, 'ridge_classification__alpha': 3.1622776601683795}, {'nystroem__gamma': 0.0004166666666666667, 'ridge_classification__alpha': 3.1622776601683795}, {'nystroem__gamma': 0.0004166666666666667, 'ridge_classification__alpha': 0.1}, {'nystroem__gamma': 0.0004166666666666667, 'ridge_classification__alpha': 0.0001}, {'nystroem__gamma': 0.0004166666666666667, 'ridge_classification__alpha': 0.1}, {'nystroem__gamma': 0.0004166666666666667, 'ridge_classification__alpha': 3.1622776601683795}, {'nystroem__gamma': 0.0004166666666666667, 'ridge_classification__alpha': 3.1622776601683795}, {'nystroem__gamma': 0.0004166666666666667, 'ridge_classification__alpha': 3.1622776601683795}, {'nystroem__gamma': 0.0004166666666666667, 'ridge_classification__alpha': 3.1622776601683795}, {'nystroem__gamma': 0.0004166666666666667, 'ridge_classification__alpha': 3.1622776601683795}, {'nystroem__gamma': 0.0004166666666666667, 'ridge_classification__alpha': 3.1622776601683795}, {'nystroem__gamma': 0.0004166666666666667, 'ridge_classification__alpha': 3.1622776601683795}, {'nystroem__gamma': 0.0004166666666666667, 'ridge_classification__alpha': 3.1622776601683795}, {'nystroem__gamma': 0.0004166666666666667, 'ridge_classification__alpha': 3.1622776601683795}, {'nystroem__gamma': 0.0004166666666666667, 'ridge_classification__alpha': 3.1622776601683795}, {'nystroem__gamma': 0.0004166666666666667, 'ridge_classification__alpha': 3.1622776601683795}, {'nystroem__gamma': 0.0004166666666666667, 'ridge_classification__alpha': 3.1622776601683795}], 'Best Score in CV': [0.9747572272419316, 0.9765895995673912, 0.9772001831543573, 0.9753686395816455, 0.9753684323934586, 0.9737405548085271, 0.9751643520293047, 0.9747570200537445, 0.9743505168309324, 0.9743511383954931, 0.9749611004178986, 0.9739433920435593, 0.9735362672561862, 0.9735360600679991, 0.9731291424688131, 0.9733323940802192, 0.9733326012684062, 0.9735360600679991, 0.9735362672561862, 0.9735360600679993, 0.9731291424688131], 'cv_mean_test_score': [0.9747572272419316, 0.9765895995673912, 0.9772001831543573, 0.9753686395816455, 0.9753684323934586, 0.9737405548085271, 0.9751643520293047, 0.9747570200537445, 0.9743505168309324, 0.9743511383954931, 0.9749611004178986, 0.9739433920435593, 0.9735362672561862, 0.9735360600679991, 0.9731291424688131, 0.9733323940802192, 0.9733326012684062, 0.9735360600679991, 0.9735362672561862, 0.9735360600679993, 0.9731291424688131], 'cv_std_test_score': [0.0061462457202415745, 0.005140600105872482, 0.005438695645779374, 0.006598527979559409, 0.006042315880517226, 0.008317308411075995, 0.004918531177297295, 0.005582028988907165, 0.007053516858160555, 0.008065104300457187, 0.005876081933356036, 0.007942250455782111, 0.006648223395083703, 0.007187355171522265, 0.006940404829894623, 0.007645197512160153, 0.00705323080933048, 0.007741910034867299, 0.006679346723798868, 0.006130547291782039, 0.006445614160165575], 'cv_mean_fit_time': [0.011175870895385742, 0.020252752304077148, 0.029679584503173827, 0.037055444717407224, 0.05068879127502442, 0.06184654235839844, 0.08240838050842285, 0.10684475898742676, 0.12606573104858398, 0.14913473129272461, 0.18676328659057617, 0.21812543869018555, 0.24784650802612304, 0.29459547996520996, 0.3404247283935547, 0.3777357578277588, 0.42716550827026367, 0.4847532272338867, 0.5739009380340576, 0.64917893409729, 0.708108377456665], 'cv_std_fit_time': [0.0007336777267916427, 0.0021473163808727576, 0.0018720479346173882, 0.0033234711120616253, 0.002700843208834633, 0.003793600804881306, 0.008072474845130002, 0.009959406111064257, 0.007576411874162715, 0.012053502121526649, 0.013172598484061307, 0.011099624507807495, 0.02786710985881114, 0.03155835057729706, 0.03724701023229951, 0.009722305449642414, 0.02067871894522326, 0.02587350026391795, 0.021869087962938218, 0.029803916334404115, 0.018529389933044746]}
