
    --------------------
    'Model: Random Fourier features and SVC 
    	Dataset: w3a (classification) of shape (4912, 300) 	CV: 5 	n_jobs: 5
    	 params: {'fourier_random_features__gamma': [3.2552083333333335e-06, 2.2670587585836562e-05, 0.0001578871423448331, 0.0010995899256440774, 0.007657989033313563, 0.05333333333333334], 'svm__C': array([1.00000000e-04, 1.58489319e-03, 2.51188643e-02, 3.98107171e-01,
       6.30957344e+00, 1.00000000e+02])} 
    	 number of hyperparameter 36
    
        	 n components [1, 50, 99, 148, 197, 246, 295, 344, 393, 443, 492, 541, 590, 639, 688, 737, 786, 836, 885, 934, 983]
        	 which correspond with the [0, 0, 1, 2, 2, 3, 4, 4, 5, 6, 6, 7, 8, 9, 9, 10, 11, 11, 12, 13, 13, 14, 15, 15, 16, 17, 17, 18, 19, 20] % of the data
        --------------------
        
{'percent': [0, 0, 1, 2, 2, 3, 4, 4, 5, 6, 6, 7, 8, 9, 9, 10, 11, 11, 12, 13, 13], 'n_components': [1, 50, 99, 148, 197, 246, 295, 344, 393, 443, 492, 541, 590, 639, 688, 737, 786, 836, 885, 934, 983], 'Mean Score in test': [0.9702031804090372, 0.979012868836006, 0.9797711711309856, 0.9805517764346411, 0.9813546847469724, 0.9812654727122689, 0.9816000178424069, 0.9822245020853313, 0.9823583201373866, 0.9830051073889867, 0.9823360171287107, 0.9702031804090372, 0.982625956241497, 0.9829158953542833, 0.9825144411981176, 0.9813769877556482, 0.9831166224323661, 0.9826705622588487, 0.982625956241497, 0.9827820773022281, 0.9826928652675246], 'Std Score in test': [0.0, 0.0, 0.0, 0.0, 0.0, 0.0, 0.0, 0.0, 0.0, 0.0, 0.0, 0.0, 0.0, 0.0, 0.0, 0.0, 0.0, 0.0, 0.0, 0.0, 0.0], 'Mean Training Time': [0.01040196418762207, 0.0345919132232666, 0.044014930725097656, 0.04863405227661133, 0.07047700881958008, 0.07234787940979004, 0.08855915069580078, 0.11123919486999512, 0.1145331859588623, 0.11698198318481445, 0.1413743495941162, 0.06950998306274414, 0.16957902908325195, 0.15899395942687988, 0.1879289150238037, 0.20317387580871582, 0.21130776405334473, 0.2289109230041504, 0.21219182014465332, 0.2317943572998047, 0.27660202980041504], 'Std Training Time': [0.0, 0.0, 0.0, 0.0, 0.0, 0.0, 0.0, 0.0, 0.0, 0.0, 0.0, 0.0, 0.0, 0.0, 0.0, 0.0, 0.0, 0.0, 0.0, 0.0, 0.0], 'Mean Best Score in CV': [0.9725154510590425, 0.9723146857058798, 0.971905696224824, 0.9725181445054728, 0.9712961485787928, 0.9721108125299127, 0.9735350241270645, 0.9741460220904046, 0.9710935185319475, 0.9712969773315404, 0.9714994001901989, 0.9708877806622978, 0.9737388973030313, 0.9723146857058798, 0.973332186892032, 0.9739429776671853, 0.9727218104932529, 0.9729252692928461, 0.9708900597323543, 0.9717038949307266, 0.9731287280924391], 'Std Best Score in CV': [0.0, 0.0, 0.0, 0.0, 0.0, 0.0, 0.0, 0.0, 0.0, 0.0, 0.0, 0.0, 0.0, 0.0, 0.0, 0.0, 0.0, 0.0, 0.0, 0.0, 0.0], 'cv_mean_test_score': [0.9725154510590425, 0.9723146857058798, 0.971905696224824, 0.9725181445054728, 0.9712961485787928, 0.9721108125299127, 0.9735350241270645, 0.9741460220904046, 0.9710935185319475, 0.9712969773315404, 0.9714994001901989, 0.9708877806622978, 0.9737388973030313, 0.9723146857058798, 0.973332186892032, 0.9739429776671853, 0.9727218104932529, 0.9729252692928461, 0.9708900597323543, 0.9717038949307266, 0.9731287280924391], 'cv_std_test_score': [0.003093416215833729, 0.005234476851994279, 0.005328407956745827, 0.005413482500129998, 0.006906817612857615, 0.00604937566861004, 0.005223820411550038, 0.005085647162526246, 0.004828788380693254, 0.005502687002824494, 0.005416560139879465, 0.0004891889916047848, 0.004783247600148306, 0.006109588548791074, 0.007228428714476304, 0.005946630905543034, 0.00731259792820189, 0.005875452585975377, 0.005317745421782585, 0.0055038206649523835, 0.005910938740786018], 'cv_mean_fit_time': [0.011337184906005859, 0.024351739883422853, 0.03276572227478027, 0.047021341323852536, 0.05695037841796875, 0.07408723831176758, 0.07939772605895996, 0.0900430679321289, 0.11186652183532715, 0.11537761688232422, 0.12796897888183595, 0.0713005542755127, 0.1503833293914795, 0.16060242652893067, 0.1747189998626709, 0.18007402420043944, 0.19932246208190918, 0.21784505844116211, 0.2156912326812744, 0.2286153793334961, 0.2429060935974121], 'cv_std_fit_time': [0.0006374605106742064, 0.0015641858772106575, 0.0032080361623442184, 0.0032765162012195932, 0.004347473304953086, 0.007336804663242606, 0.007344262674228571, 0.007187543846077537, 0.008875317624629675, 0.00329885973189326, 0.005405846451876112, 0.002058729012105224, 0.010605457422778849, 0.005719011612090539, 0.005181205268491836, 0.008178552542182839, 0.009040372509610971, 0.011565958030077868, 0.012869535192686684, 0.010767132150083694, 0.012030863846924622]}
{'percent': [0, 0, 1, 2, 2, 3, 4, 4, 5, 6, 6, 7, 8, 9, 9, 10, 11, 11, 12, 13, 13], 'n_components': [1, 50, 99, 148, 197, 246, 295, 344, 393, 443, 492, 541, 590, 639, 688, 737, 786, 836, 885, 934, 983], 'Score in test': [0.9702031804090372, 0.979012868836006, 0.9797711711309856, 0.9805517764346411, 0.9813546847469724, 0.9812654727122689, 0.9816000178424069, 0.9822245020853313, 0.9823583201373866, 0.9830051073889867, 0.9823360171287107, 0.9702031804090372, 0.982625956241497, 0.9829158953542833, 0.9825144411981176, 0.9813769877556482, 0.9831166224323661, 0.9826705622588487, 0.982625956241497, 0.9827820773022281, 0.9826928652675246], 'Training Time': [0.01040196418762207, 0.0345919132232666, 0.044014930725097656, 0.04863405227661133, 0.07047700881958008, 0.07234787940979004, 0.08855915069580078, 0.11123919486999512, 0.1145331859588623, 0.11698198318481445, 0.1413743495941162, 0.06950998306274414, 0.16957902908325195, 0.15899395942687988, 0.1879289150238037, 0.20317387580871582, 0.21130776405334473, 0.2289109230041504, 0.21219182014465332, 0.2317943572998047, 0.27660202980041504], 'Best Parameters': [{'fourier_random_features__gamma': 0.0001578871423448331, 'svm__C': 0.001584893192461114}, {'fourier_random_features__gamma': 3.2552083333333335e-06, 'svm__C': 100.0}, {'fourier_random_features__gamma': 0.0001578871423448331, 'svm__C': 0.3981071705534969}, {'fourier_random_features__gamma': 0.0001578871423448331, 'svm__C': 0.3981071705534969}, {'fourier_random_features__gamma': 0.0001578871423448331, 'svm__C': 0.3981071705534969}, {'fourier_random_features__gamma': 0.0001578871423448331, 'svm__C': 0.3981071705534969}, {'fourier_random_features__gamma': 0.0001578871423448331, 'svm__C': 0.3981071705534969}, {'fourier_random_features__gamma': 0.0001578871423448331, 'svm__C': 0.3981071705534969}, {'fourier_random_features__gamma': 0.0010995899256440774, 'svm__C': 0.3981071705534969}, {'fourier_random_features__gamma': 0.0001578871423448331, 'svm__C': 0.3981071705534969}, {'fourier_random_features__gamma': 0.0001578871423448331, 'svm__C': 0.3981071705534969}, {'fourier_random_features__gamma': 3.2552083333333335e-06, 'svm__C': 0.0001}, {'fourier_random_features__gamma': 0.0001578871423448331, 'svm__C': 0.3981071705534969}, {'fourier_random_features__gamma': 0.0001578871423448331, 'svm__C': 0.3981071705534969}, {'fourier_random_features__gamma': 0.0001578871423448331, 'svm__C': 0.3981071705534969}, {'fourier_random_features__gamma': 0.0001578871423448331, 'svm__C': 0.3981071705534969}, {'fourier_random_features__gamma': 0.0001578871423448331, 'svm__C': 0.3981071705534969}, {'fourier_random_features__gamma': 0.0001578871423448331, 'svm__C': 0.3981071705534969}, {'fourier_random_features__gamma': 0.0001578871423448331, 'svm__C': 0.3981071705534969}, {'fourier_random_features__gamma': 0.0001578871423448331, 'svm__C': 0.3981071705534969}, {'fourier_random_features__gamma': 0.0001578871423448331, 'svm__C': 0.3981071705534969}], 'Best Score in CV': [0.9725154510590425, 0.9723146857058798, 0.971905696224824, 0.9725181445054728, 0.9712961485787928, 0.9721108125299127, 0.9735350241270645, 0.9741460220904046, 0.9710935185319475, 0.9712969773315404, 0.9714994001901989, 0.9708877806622978, 0.9737388973030313, 0.9723146857058798, 0.973332186892032, 0.9739429776671853, 0.9727218104932529, 0.9729252692928461, 0.9708900597323543, 0.9717038949307266, 0.9731287280924391], 'cv_mean_test_score': [0.9725154510590425, 0.9723146857058798, 0.971905696224824, 0.9725181445054728, 0.9712961485787928, 0.9721108125299127, 0.9735350241270645, 0.9741460220904046, 0.9710935185319475, 0.9712969773315404, 0.9714994001901989, 0.9708877806622978, 0.9737388973030313, 0.9723146857058798, 0.973332186892032, 0.9739429776671853, 0.9727218104932529, 0.9729252692928461, 0.9708900597323543, 0.9717038949307266, 0.9731287280924391], 'cv_std_test_score': [0.003093416215833729, 0.005234476851994279, 0.005328407956745827, 0.005413482500129998, 0.006906817612857615, 0.00604937566861004, 0.005223820411550038, 0.005085647162526246, 0.004828788380693254, 0.005502687002824494, 0.005416560139879465, 0.0004891889916047848, 0.004783247600148306, 0.006109588548791074, 0.007228428714476304, 0.005946630905543034, 0.00731259792820189, 0.005875452585975377, 0.005317745421782585, 0.0055038206649523835, 0.005910938740786018], 'cv_mean_fit_time': [0.011337184906005859, 0.024351739883422853, 0.03276572227478027, 0.047021341323852536, 0.05695037841796875, 0.07408723831176758, 0.07939772605895996, 0.0900430679321289, 0.11186652183532715, 0.11537761688232422, 0.12796897888183595, 0.0713005542755127, 0.1503833293914795, 0.16060242652893067, 0.1747189998626709, 0.18007402420043944, 0.19932246208190918, 0.21784505844116211, 0.2156912326812744, 0.2286153793334961, 0.2429060935974121], 'cv_std_fit_time': [0.0006374605106742064, 0.0015641858772106575, 0.0032080361623442184, 0.0032765162012195932, 0.004347473304953086, 0.007336804663242606, 0.007344262674228571, 0.007187543846077537, 0.008875317624629675, 0.00329885973189326, 0.005405846451876112, 0.002058729012105224, 0.010605457422778849, 0.005719011612090539, 0.005181205268491836, 0.008178552542182839, 0.009040372509610971, 0.011565958030077868, 0.012869535192686684, 0.010767132150083694, 0.012030863846924622]}
