
    --------------------
    'Model: Random Fourier features and SVC 
    	Dataset: Diabetes (classification) of shape (768, 8) 	CV: 5 	n_jobs: 8
    	 params: {'fourier_random_features__gamma': [0.0001220703125, 0.0008501470344688711, 0.005920767837931241, 0.0412346222116529, 0.2871745887492586, 2.0], 'svm__C': array([1.00000000e-04, 1.58489319e-03, 2.51188643e-02, 3.98107171e-01,
       6.30957344e+00, 1.00000000e+02])} 
    	 number of hyperparameter 36
    
        	 n components [7, 15, 23, 30, 38, 46, 53, 61, 69, 76, 84, 92, 99, 107, 115, 122, 130, 138, 145, 153]
        	 which correspond with the [1, 2, 3, 4, 5, 6, 7, 8, 9, 10, 11, 12, 13, 14, 15, 16, 17, 18, 19, 20] % of the data
        --------------------
        
{'percent': [1, 2, 3, 4, 5, 6, 7, 8, 9, 10, 11, 12, 13, 14, 15, 16, 17, 18, 19, 20], 'n_components': [7, 15, 23, 30, 38, 46, 53, 61, 69, 76, 84, 92, 99, 107, 115, 122, 130, 138, 145, 153], 'Mean Score in test': [0.73046875, 0.7695312500000001, 0.76953125, 0.7682291666666666, 0.7786458333333333, 0.7708333333333333, 0.7708333333333334, 0.7708333333333334, 0.7669270833333334, 0.77734375, 0.7604166666666666, 0.7669270833333334, 0.7682291666666666, 0.7708333333333333, 0.7682291666666666, 0.7682291666666667, 0.7695312499999999, 0.7591145833333334, 0.7734375, 0.7747395833333334], 'Std Score in test': [0.035966737804513364, 0.04090697414688805, 0.03904079257959624, 0.03692043458009848, 0.0394081925792228, 0.044652156769484995, 0.04247267299557314, 0.04199092577238827, 0.033425775138003745, 0.03442527100625594, 0.03189439769248927, 0.03382911733532964, 0.03425246468220291, 0.04215211993812148, 0.04621937330546576, 0.0399211190540518, 0.03322226776607572, 0.032185435141427805, 0.039921119054051796, 0.04140133618641834], 'Mean Training Time': [0.0009962916374206543, 0.0012360215187072754, 0.001522839069366455, 0.0019600391387939453, 0.0019717812538146973, 0.0026097893714904785, 0.0023031234741210938, 0.003451228141784668, 0.00452876091003418, 0.004806041717529297, 0.005255699157714844, 0.005157411098480225, 0.003955185413360596, 0.006302177906036377, 0.006232738494873047, 0.007184326648712158, 0.005481421947479248, 0.01049661636352539, 0.016317665576934814, 0.011562764644622803], 'Std Training Time': [4.877696130920986e-05, 0.0001446193307276427, 0.0002674432381996781, 0.0005950381094557302, 0.00025867022502089494, 0.0006885765983120433, 0.00042067020960232936, 0.000982240629892657, 0.002267522052784949, 0.001084023249322332, 0.0010952392386672264, 0.001047836247410994, 0.00021117025582827916, 0.0027078397882001966, 0.0025007519676592447, 0.0022857685953566443, 0.0013741134104902236, 0.0065208448585052994, 0.004118189524906882, 0.002495163465112655], 'Mean Best Score in CV': [0.7638793103448277, 0.775603448275862, 0.7760157421289356, 0.7769152923538231, 0.7782008995502249, 0.7799512743628186, 0.777754872563718, 0.7777698650674663, 0.77821964017991, 0.7821139430284857, 0.7795052473763118, 0.7799325337331334, 0.7790929535232384, 0.7812406296851574, 0.7799437781109444, 0.7769152923538231, 0.7773425787106446, 0.7790817091454274, 0.7808095952023988, 0.7799437781109446], 'Std Best Score in CV': [0.014900366715420551, 0.011598857166400524, 0.013671085249202675, 0.015064606884062233, 0.012778205142065846, 0.018098403123034033, 0.015776240528080847, 0.014439537814976165, 0.01758856928742297, 0.017134578935773272, 0.016068946353458576, 0.015113613163033912, 0.016712864553345214, 0.020629893196429314, 0.015642313577056418, 0.01503078835616226, 0.01847640229864137, 0.01885252762987009, 0.01650499332298283, 0.015155502153332584], 'cv_mean_test_score': [0.7638793103448277, 0.775603448275862, 0.7760157421289356, 0.7769152923538231, 0.7782008995502249, 0.7799512743628186, 0.777754872563718, 0.7777698650674663, 0.77821964017991, 0.7821139430284857, 0.7795052473763118, 0.7799325337331334, 0.7790929535232384, 0.7812406296851574, 0.7799437781109444, 0.7769152923538231, 0.7773425787106446, 0.7790817091454274, 0.7808095952023988, 0.7799437781109446], 'cv_std_test_score': [0.04146008611874222, 0.03149020257946927, 0.032682371241586676, 0.032607736397036007, 0.03539672436854323, 0.03556728230889869, 0.039058933465373036, 0.035963435267269306, 0.04030631919422238, 0.04076354073718986, 0.03130800384297524, 0.038833652470763376, 0.037212606308854555, 0.030319916892318714, 0.033030632232435624, 0.02943166719640726, 0.03275722339463843, 0.032717572354823005, 0.03732846349712399, 0.03145940904763458], 'cv_mean_fit_time': [0.0007971763610839844, 0.0009457945823669433, 0.001298367977142334, 0.0014992713928222655, 0.0016145229339599608, 0.002128446102142334, 0.0020018577575683593, 0.00294189453125, 0.002762758731842041, 0.0035836935043334957, 0.003677856922149658, 0.0037857055664062503, 0.0031528711318969723, 0.004279303550720215, 0.004887104034423828, 0.004781544208526611, 0.004053771495819092, 0.004551112651824951, 0.004702460765838624, 0.006249678134918213], 'cv_std_fit_time': [8.321181745535097e-05, 6.688763477420119e-05, 0.00013097428493754641, 9.199392156833052e-05, 9.983665228216553e-05, 0.00014570813500326923, 0.00024520342376492017, 0.0004050301988536084, 0.00026607911280971584, 0.0003979780129574537, 0.0002683808711603819, 0.0003142860378900211, 0.00022549276889775855, 0.0002809158762706557, 0.0006434221525397964, 0.0003235754634565659, 0.00025347753990402155, 0.0003465178614230652, 0.0007192611846590089, 0.001997841596126074]}
{'percent': [1, 1, 1, 1, 2, 2, 2, 2, 3, 3, 3, 3, 4, 4, 4, 4, 5, 5, 5, 5, 6, 6, 6, 6, 7, 7, 7, 7, 8, 8, 8, 8, 9, 9, 9, 9, 10, 10, 10, 10, 11, 11, 11, 11, 12, 12, 12, 12, 13, 13, 13, 13, 14, 14, 14, 14, 15, 15, 15, 15, 16, 16, 16, 16, 17, 17, 17, 17, 18, 18, 18, 18, 19, 19, 19, 19, 20, 20, 20, 20], 'n_components': [7, 7, 7, 7, 15, 15, 15, 15, 23, 23, 23, 23, 30, 30, 30, 30, 38, 38, 38, 38, 46, 46, 46, 46, 53, 53, 53, 53, 61, 61, 61, 61, 69, 69, 69, 69, 76, 76, 76, 76, 84, 84, 84, 84, 92, 92, 92, 92, 99, 99, 99, 99, 107, 107, 107, 107, 115, 115, 115, 115, 122, 122, 122, 122, 130, 130, 130, 130, 138, 138, 138, 138, 145, 145, 145, 145, 153, 153, 153, 153], 'Score in test': [0.7760416666666666, 0.6927083333333334, 0.6979166666666666, 0.7552083333333334, 0.8177083333333334, 0.734375, 0.7239583333333334, 0.8020833333333334, 0.8020833333333334, 0.7447916666666666, 0.71875, 0.8125, 0.8020833333333334, 0.7395833333333334, 0.7239583333333334, 0.8072916666666666, 0.8125, 0.7447916666666666, 0.734375, 0.8229166666666666, 0.8072916666666666, 0.7291666666666666, 0.7239583333333334, 0.8229166666666666, 0.8020833333333334, 0.7239583333333334, 0.734375, 0.8229166666666666, 0.8072916666666666, 0.734375, 0.7239583333333334, 0.8177083333333334, 0.796875, 0.7447916666666666, 0.7239583333333334, 0.8020833333333334, 0.8020833333333334, 0.7708333333333334, 0.7239583333333334, 0.8125, 0.7708333333333334, 0.7395833333333334, 0.7239583333333334, 0.8072916666666666, 0.7708333333333334, 0.7552083333333334, 0.7239583333333334, 0.8177083333333334, 0.78125, 0.7447916666666666, 0.7291666666666666, 0.8177083333333334, 0.796875, 0.75, 0.7135416666666666, 0.8229166666666666, 0.796875, 0.734375, 0.7135416666666666, 0.828125, 0.8020833333333334, 0.7395833333333334, 0.71875, 0.8125, 0.796875, 0.7447916666666666, 0.7291666666666666, 0.8072916666666666, 0.7760416666666666, 0.7395833333333334, 0.71875, 0.8020833333333334, 0.8072916666666666, 0.7447916666666666, 0.7239583333333334, 0.8177083333333334, 0.796875, 0.7552083333333334, 0.71875, 0.828125], 'Training Time': [0.0009667873382568359, 0.0010731220245361328, 0.0009441375732421875, 0.001001119613647461, 0.0014231204986572266, 0.0010290145874023438, 0.0011930465698242188, 0.0012989044189453125, 0.00139617919921875, 0.0014350414276123047, 0.00197601318359375, 0.0012841224670410156, 0.0014581680297851562, 0.0014209747314453125, 0.0028879642486572266, 0.002073049545288086, 0.0016908645629882812, 0.0023932456970214844, 0.0018768310546875, 0.0019261837005615234, 0.0019578933715820312, 0.0021080970764160156, 0.0037131309509277344, 0.002660036087036133, 0.002048969268798828, 0.002172231674194336, 0.0019702911376953125, 0.0030210018157958984, 0.00215911865234375, 0.003423929214477539, 0.0049228668212890625, 0.0032989978790283203, 0.002706289291381836, 0.005024909973144531, 0.008030891418457031, 0.0023529529571533203, 0.00591588020324707, 0.0033910274505615234, 0.005801200866699219, 0.004116058349609375, 0.0071451663970947266, 0.004698038101196289, 0.004712820053100586, 0.0044667720794677734, 0.006850004196166992, 0.004366874694824219, 0.005203962326049805, 0.004208803176879883, 0.003972768783569336, 0.0040738582611083984, 0.004165172576904297, 0.0036089420318603516, 0.004021167755126953, 0.004015207290649414, 0.010643243789672852, 0.006529092788696289, 0.004646778106689453, 0.004328250885009766, 0.010505914688110352, 0.005450010299682617, 0.004848003387451172, 0.008628129959106445, 0.010175943374633789, 0.0050852298736572266, 0.007771968841552734, 0.004212856292724609, 0.005265951156616211, 0.0046749114990234375, 0.0054280757904052734, 0.004720211029052734, 0.010809183120727539, 0.021028995513916016, 0.012303829193115234, 0.013916969299316406, 0.015961885452270508, 0.02308797836303711, 0.01227712631225586, 0.015109062194824219, 0.010602951049804688, 0.008261919021606445], 'Best Parameters': [{'fourier_random_features__gamma': 0.0008501470344688711, 'svm__C': 6.30957344480193}, {'fourier_random_features__gamma': 0.0001220703125, 'svm__C': 100.0}, {'fourier_random_features__gamma': 0.0001220703125, 'svm__C': 100.0}, {'fourier_random_features__gamma': 0.0008501470344688711, 'svm__C': 100.0}, {'fourier_random_features__gamma': 0.0008501470344688711, 'svm__C': 100.0}, {'fourier_random_features__gamma': 0.0001220703125, 'svm__C': 100.0}, {'fourier_random_features__gamma': 0.005920767837931241, 'svm__C': 100.0}, {'fourier_random_features__gamma': 0.005920767837931241, 'svm__C': 6.30957344480193}, {'fourier_random_features__gamma': 0.0001220703125, 'svm__C': 100.0}, {'fourier_random_features__gamma': 0.0001220703125, 'svm__C': 100.0}, {'fourier_random_features__gamma': 0.005920767837931241, 'svm__C': 100.0}, {'fourier_random_features__gamma': 0.0008501470344688711, 'svm__C': 100.0}, {'fourier_random_features__gamma': 0.0001220703125, 'svm__C': 100.0}, {'fourier_random_features__gamma': 0.0008501470344688711, 'svm__C': 6.30957344480193}, {'fourier_random_features__gamma': 0.005920767837931241, 'svm__C': 100.0}, {'fourier_random_features__gamma': 0.0008501470344688711, 'svm__C': 100.0}, {'fourier_random_features__gamma': 0.005920767837931241, 'svm__C': 6.30957344480193}, {'fourier_random_features__gamma': 0.0008501470344688711, 'svm__C': 100.0}, {'fourier_random_features__gamma': 0.005920767837931241, 'svm__C': 6.30957344480193}, {'fourier_random_features__gamma': 0.005920767837931241, 'svm__C': 6.30957344480193}, {'fourier_random_features__gamma': 0.0001220703125, 'svm__C': 100.0}, {'fourier_random_features__gamma': 0.0008501470344688711, 'svm__C': 6.30957344480193}, {'fourier_random_features__gamma': 0.005920767837931241, 'svm__C': 100.0}, {'fourier_random_features__gamma': 0.0008501470344688711, 'svm__C': 100.0}, {'fourier_random_features__gamma': 0.0001220703125, 'svm__C': 100.0}, {'fourier_random_features__gamma': 0.0412346222116529, 'svm__C': 0.3981071705534969}, {'fourier_random_features__gamma': 0.005920767837931241, 'svm__C': 6.30957344480193}, {'fourier_random_features__gamma': 0.0008501470344688711, 'svm__C': 100.0}, {'fourier_random_features__gamma': 0.005920767837931241, 'svm__C': 0.3981071705534969}, {'fourier_random_features__gamma': 0.0008501470344688711, 'svm__C': 100.0}, {'fourier_random_features__gamma': 0.005920767837931241, 'svm__C': 100.0}, {'fourier_random_features__gamma': 0.0008501470344688711, 'svm__C': 100.0}, {'fourier_random_features__gamma': 0.0412346222116529, 'svm__C': 0.3981071705534969}, {'fourier_random_features__gamma': 0.0008501470344688711, 'svm__C': 100.0}, {'fourier_random_features__gamma': 0.005920767837931241, 'svm__C': 100.0}, {'fourier_random_features__gamma': 0.005920767837931241, 'svm__C': 0.3981071705534969}, {'fourier_random_features__gamma': 0.0008501470344688711, 'svm__C': 100.0}, {'fourier_random_features__gamma': 0.005920767837931241, 'svm__C': 6.30957344480193}, {'fourier_random_features__gamma': 0.005920767837931241, 'svm__C': 100.0}, {'fourier_random_features__gamma': 0.0008501470344688711, 'svm__C': 100.0}, {'fourier_random_features__gamma': 0.005920767837931241, 'svm__C': 100.0}, {'fourier_random_features__gamma': 0.0001220703125, 'svm__C': 100.0}, {'fourier_random_features__gamma': 0.005920767837931241, 'svm__C': 6.30957344480193}, {'fourier_random_features__gamma': 0.0008501470344688711, 'svm__C': 100.0}, {'fourier_random_features__gamma': 0.005920767837931241, 'svm__C': 100.0}, {'fourier_random_features__gamma': 0.005920767837931241, 'svm__C': 6.30957344480193}, {'fourier_random_features__gamma': 0.005920767837931241, 'svm__C': 6.30957344480193}, {'fourier_random_features__gamma': 0.005920767837931241, 'svm__C': 6.30957344480193}, {'fourier_random_features__gamma': 0.0412346222116529, 'svm__C': 0.3981071705534969}, {'fourier_random_features__gamma': 0.005920767837931241, 'svm__C': 6.30957344480193}, {'fourier_random_features__gamma': 0.005920767837931241, 'svm__C': 6.30957344480193}, {'fourier_random_features__gamma': 0.005920767837931241, 'svm__C': 6.30957344480193}, {'fourier_random_features__gamma': 0.0001220703125, 'svm__C': 100.0}, {'fourier_random_features__gamma': 0.005920767837931241, 'svm__C': 0.3981071705534969}, {'fourier_random_features__gamma': 0.005920767837931241, 'svm__C': 100.0}, {'fourier_random_features__gamma': 0.0008501470344688711, 'svm__C': 100.0}, {'fourier_random_features__gamma': 0.005920767837931241, 'svm__C': 6.30957344480193}, {'fourier_random_features__gamma': 0.0001220703125, 'svm__C': 100.0}, {'fourier_random_features__gamma': 0.005920767837931241, 'svm__C': 100.0}, {'fourier_random_features__gamma': 0.005920767837931241, 'svm__C': 6.30957344480193}, {'fourier_random_features__gamma': 0.0001220703125, 'svm__C': 100.0}, {'fourier_random_features__gamma': 0.0001220703125, 'svm__C': 100.0}, {'fourier_random_features__gamma': 0.005920767837931241, 'svm__C': 100.0}, {'fourier_random_features__gamma': 0.005920767837931241, 'svm__C': 6.30957344480193}, {'fourier_random_features__gamma': 0.0001220703125, 'svm__C': 100.0}, {'fourier_random_features__gamma': 0.0008501470344688711, 'svm__C': 6.30957344480193}, {'fourier_random_features__gamma': 0.005920767837931241, 'svm__C': 6.30957344480193}, {'fourier_random_features__gamma': 0.0001220703125, 'svm__C': 100.0}, {'fourier_random_features__gamma': 0.0412346222116529, 'svm__C': 0.3981071705534969}, {'fourier_random_features__gamma': 0.0008501470344688711, 'svm__C': 6.30957344480193}, {'fourier_random_features__gamma': 0.005920767837931241, 'svm__C': 100.0}, {'fourier_random_features__gamma': 0.005920767837931241, 'svm__C': 0.3981071705534969}, {'fourier_random_features__gamma': 0.0412346222116529, 'svm__C': 0.3981071705534969}, {'fourier_random_features__gamma': 0.0008501470344688711, 'svm__C': 6.30957344480193}, {'fourier_random_features__gamma': 0.0412346222116529, 'svm__C': 0.3981071705534969}, {'fourier_random_features__gamma': 0.0008501470344688711, 'svm__C': 100.0}, {'fourier_random_features__gamma': 0.0001220703125, 'svm__C': 100.0}, {'fourier_random_features__gamma': 0.0412346222116529, 'svm__C': 0.3981071705534969}, {'fourier_random_features__gamma': 0.0412346222116529, 'svm__C': 0.3981071705534969}, {'fourier_random_features__gamma': 0.0008501470344688711, 'svm__C': 100.0}], 'Best Score in CV': [0.7500299850074963, 0.7760419790104948, 0.7812593703148425, 0.7481859070464768, 0.7674062968515742, 0.7812593703148425, 0.7916341829085457, 0.7621139430284858, 0.7621439280359821, 0.7794902548725637, 0.7968515742128937, 0.7655772113943028, 0.7656671664167916, 0.7830134932533733, 0.7986056971514244, 0.7603748125937031, 0.7673763118440778, 0.77952023988006, 0.7985907046476763, 0.7673163418290855, 0.7656671664167916, 0.7812593703148425, 0.8090254872563719, 0.7638530734632685, 0.7638980509745126, 0.7847076461769116, 0.8003298350824588, 0.7620839580209895, 0.7690854572713642, 0.7794902548725637, 0.8003748125937031, 0.7621289355322339, 0.7656371814092954, 0.7812593703148425, 0.8056221889055472, 0.760359820089955, 0.767376311844078, 0.7795352323838081, 0.8107796101949025, 0.7707646176911543, 0.7691154422788605, 0.7795202398800599, 0.8055622188905547, 0.7638230884557722, 0.7708395802098951, 0.7847226386806596, 0.8020689655172413, 0.7620989505247375, 0.7656821589205396, 0.7813043478260869, 0.8055472263868066, 0.7638380809595202, 0.7656371814092954, 0.7829535232383809, 0.8142578710644678, 0.7621139430284858, 0.7708545727136432, 0.782983508245877, 0.803808095952024, 0.7621289355322338, 0.7656521739130435, 0.7795052473763118, 0.8003898050974513, 0.7621139430284857, 0.7638980509745126, 0.7778110944527736, 0.8072863568215892, 0.7603748125937031, 0.7639130434782608, 0.7812593703148426, 0.8090554722638681, 0.7620989505247378, 0.7708545727136432, 0.7812593703148425, 0.8073013493253374, 0.7638230884557721, 0.7691154422788606, 0.7881859070464767, 0.800344827586207, 0.7621289355322339], 'cv_mean_test_score': [0.7500299850074963, 0.7760419790104948, 0.7812593703148425, 0.7481859070464768, 0.7674062968515742, 0.7812593703148425, 0.7916341829085457, 0.7621139430284858, 0.7621439280359821, 0.7794902548725637, 0.7968515742128937, 0.7655772113943028, 0.7656671664167916, 0.7830134932533733, 0.7986056971514244, 0.7603748125937031, 0.7673763118440778, 0.77952023988006, 0.7985907046476763, 0.7673163418290855, 0.7656671664167916, 0.7812593703148425, 0.8090254872563719, 0.7638530734632685, 0.7638980509745126, 0.7847076461769116, 0.8003298350824588, 0.7620839580209895, 0.7690854572713642, 0.7794902548725637, 0.8003748125937031, 0.7621289355322339, 0.7656371814092954, 0.7812593703148425, 0.8056221889055472, 0.760359820089955, 0.767376311844078, 0.7795352323838081, 0.8107796101949025, 0.7707646176911543, 0.7691154422788605, 0.7795202398800599, 0.8055622188905547, 0.7638230884557722, 0.7708395802098951, 0.7847226386806596, 0.8020689655172413, 0.7620989505247375, 0.7656821589205396, 0.7813043478260869, 0.8055472263868066, 0.7638380809595202, 0.7656371814092954, 0.7829535232383809, 0.8142578710644678, 0.7621139430284858, 0.7708545727136432, 0.782983508245877, 0.803808095952024, 0.7621289355322338, 0.7656521739130435, 0.7795052473763118, 0.8003898050974513, 0.7621139430284857, 0.7638980509745126, 0.7778110944527736, 0.8072863568215892, 0.7603748125937031, 0.7639130434782608, 0.7812593703148426, 0.8090554722638681, 0.7620989505247378, 0.7708545727136432, 0.7812593703148425, 0.8073013493253374, 0.7638230884557721, 0.7691154422788606, 0.7881859070464767, 0.800344827586207, 0.7621289355322339], 'cv_std_test_score': [0.026283684962287526, 0.038644428250618805, 0.0702662040118783, 0.030646027250184234, 0.04063733006186915, 0.03170792261084942, 0.02716257738026087, 0.02645298026489765, 0.0314560450447835, 0.03007578462884639, 0.03006226927613685, 0.039135386016579975, 0.031232231809992253, 0.02725287498824808, 0.0349800398928917, 0.036965798897011994, 0.03018964652639909, 0.034558238230593286, 0.039136994171258974, 0.037702018545921555, 0.031232231809992253, 0.03574358790779763, 0.0418890018125883, 0.033404307705216595, 0.03217635813990369, 0.04209365369446716, 0.044066985548252405, 0.037898736478868905, 0.033792238740900676, 0.03474205359444757, 0.04100349732505042, 0.03431595140867855, 0.040705285473810734, 0.0437351661372374, 0.04099000974695809, 0.03579481541888328, 0.03694727267021198, 0.04926660831136868, 0.03895721827502648, 0.037883063692152295, 0.029761687125227906, 0.02935248909363319, 0.03037099392724172, 0.03574684522579812, 0.038293273020827856, 0.03864450968147928, 0.037123861253651275, 0.0412729659270951, 0.0411404902368468, 0.03541810757289793, 0.03376343799529755, 0.038528389430375946, 0.03243463167151742, 0.028794179757997404, 0.02477786923265576, 0.03527298690710428, 0.03739619733082899, 0.029110871599696147, 0.03552604656432397, 0.030089413434893398, 0.030878749399242983, 0.027335228158876373, 0.025998505893814583, 0.03351418533369511, 0.03170287489259413, 0.03014470218387434, 0.03180865223010421, 0.037372664271981014, 0.03926546749521959, 0.02651291929186416, 0.02889434733596177, 0.036197555296246506, 0.037396197330828974, 0.03170792261084942, 0.03859815940735888, 0.04161157463945866, 0.029249141420699603, 0.026202573413746707, 0.036069969947413454, 0.03431595140867855], 'cv_mean_fit_time': [0.0007923603057861328, 0.000784921646118164, 0.0008007049560546875, 0.0008107185363769531, 0.0010419368743896484, 0.0008609294891357422, 0.0009812355041503907, 0.0008990764617919922, 0.0010549068450927735, 0.0011582374572753906, 0.0016523361206054687, 0.0013279914855957031, 0.0013049125671386718, 0.0011180877685546876, 0.001973247528076172, 0.0016008377075195312, 0.0015009403228759765, 0.001968240737915039, 0.0015546798706054688, 0.0014342308044433595, 0.0017330169677734375, 0.0014143943786621093, 0.0031291961669921873, 0.0022371768951416015, 0.0017286300659179687, 0.002027606964111328, 0.0020032882690429687, 0.002247905731201172, 0.001506948471069336, 0.0027190208435058593, 0.00466451644897461, 0.0028770923614501952, 0.001984310150146484, 0.003148174285888672, 0.004042720794677735, 0.0018758296966552735, 0.0034256458282470705, 0.0029076099395751952, 0.004962396621704101, 0.003039121627807617, 0.00559382438659668, 0.002737617492675781, 0.002811574935913086, 0.003568410873413086, 0.005576324462890625, 0.003251934051513672, 0.0032142162322998046, 0.0031003475189208983, 0.0028052330017089844, 0.003480195999145508, 0.003352451324462891, 0.002973604202270508, 0.0031709194183349608, 0.002309226989746094, 0.007300233840942383, 0.004336833953857422, 0.004215908050537109, 0.003567790985107422, 0.007756710052490234, 0.004008007049560547, 0.003627109527587891, 0.003736400604248047, 0.007283449172973633, 0.004479217529296875, 0.004001045227050781, 0.003955173492431641, 0.004318523406982422, 0.0039403438568115234, 0.0037975311279296875, 0.003650379180908203, 0.007820415496826171, 0.002936124801635742, 0.003972148895263672, 0.003938198089599609, 0.003972387313842774, 0.006927108764648438, 0.004434633255004883, 0.004335927963256836, 0.004109334945678711, 0.012118816375732422], 'cv_std_fit_time': [0.00010862394421549632, 7.698511922237154e-05, 6.79439576043703e-05, 7.929424877916571e-05, 9.88103243250142e-05, 4.08112441289991e-05, 5.808624288351457e-05, 6.98427277592769e-05, 8.197642081486253e-05, 0.00014779621371242455, 0.00022495106152616546, 6.917344369673305e-05, 6.0469344249420284e-05, 3.5859168829668057e-05, 0.00015180113739845014, 0.00011984603579578354, 3.618707108945388e-05, 0.00012648473917626206, 9.240648929655843e-05, 0.0001442683095663878, 9.301837844297834e-05, 3.364139376678187e-05, 0.00021735623781228206, 0.0002388165299910346, 0.00012740582039169328, 0.0005927877726181047, 0.000110190515971337, 0.00015042958607854566, 6.824464355458085e-05, 7.225941271072516e-05, 0.0013494312349214344, 0.00013018550422769307, 5.225108386879723e-05, 0.0002884499708039783, 0.0003142623354621031, 0.0004093530611039849, 0.00027425820476409683, 0.00034133090273460244, 0.0006911889960156873, 0.00028513394831542816, 0.0004320070548190392, 0.0003600408719383805, 0.00014181297419346486, 0.0001396625836906432, 0.0005562057093059917, 0.00021820063149178157, 0.00020658303864755514, 0.00027615477211475573, 0.00017814211207267788, 0.0002268515382078596, 0.00027414256940932054, 0.0002228348559011762, 9.175211831957915e-05, 0.0002940846387910834, 0.0005515790737912551, 0.00018624767418070517, 0.00030313582640134824, 0.0001538650587864182, 0.0015006938332547666, 0.0006159938917166524, 0.00015604581788936824, 0.00018305048762823193, 0.0005582500440414767, 0.0003969555042671868, 0.00030507866983252096, 0.00023639883939535443, 0.00023987124399520447, 0.00023256140639300624, 0.00015723968291089555, 0.00018436225333103574, 0.0007551806542537107, 0.0002892888551966187, 0.0002948303313596365, 0.00021296772108045153, 0.00020727495329564175, 0.002161971732900306, 0.00025708428518508657, 0.000391316099386961, 0.00024026732827820687, 0.0071026986716540425]}
