
    --------------------
    'Model: Random Fourier features and ridge classification 
    	Dataset: Diabetes (classification) of shape (768, 8) 	CV: 5 	n_jobs: 8
    	 params: {'fourier_random_features__gamma': [0.0001220703125, 0.0013810679320049757, 0.015625, 0.1767766952966369, 2.0], 'ridge_classification__alpha': array([1.00000000e-04, 3.16227766e-03, 1.00000000e-01, 3.16227766e+00,
       1.00000000e+02])} 
    	 number of hyperparameter 25
    
        	 n components [7, 15, 23, 30, 38, 46, 53, 61, 69, 76, 84, 92, 99, 107, 115, 122, 130, 138, 145, 153]
        	 which correspond with the [1, 2, 3, 4, 5, 6, 7, 8, 9, 10, 11, 12, 13, 14, 15, 16, 17, 18, 19, 20] % of the data
        --------------------
        
{'percent': [1, 2, 3, 4, 5, 6, 7, 8, 9, 10, 11, 12, 13, 14, 15, 16, 17, 18, 19, 20], 'n_components': [7, 15, 23, 30, 38, 46, 53, 61, 69, 76, 84, 92, 99, 107, 115, 122, 130, 138, 145, 153], 'Mean Score in test': [0.7473958333333334, 0.7838541666666667, 0.7643229166666666, 0.7708333333333334, 0.7708333333333334, 0.7708333333333333, 0.7708333333333334, 0.76171875, 0.78125, 0.76171875, 0.7656250000000001, 0.765625, 0.7747395833333334, 0.77734375, 0.7630208333333334, 0.7682291666666666, 0.76953125, 0.7669270833333334, 0.7786458333333334, 0.7669270833333334], 'Std Score in test': [0.03178790524930649, 0.045628686114414646, 0.032604125066533644, 0.03627184447183364, 0.035132129070916764, 0.03551609816923397, 0.03719493973199402, 0.03921411548535313, 0.04215211993812147, 0.040238377969693866, 0.029231698334171413, 0.0448037774325137, 0.041401336186418364, 0.02954897322372452, 0.04365378805791721, 0.03484137541734284, 0.038516144421221477, 0.04394410685074535, 0.04318521862441929, 0.03904079257959625], 'Mean Training Time': [0.0010877251625061035, 0.0011332035064697266, 0.0012714862823486328, 0.001260519027709961, 0.001305699348449707, 0.0014613866806030273, 0.0014591217041015625, 0.0019624829292297363, 0.0021463632583618164, 0.0019282698631286621, 0.0036127567291259766, 0.002061903476715088, 0.002710580825805664, 0.0023694634437561035, 0.0025461316108703613, 0.0056160688400268555, 0.002952396869659424, 0.0025725364685058594, 0.002660214900970459, 0.003169715404510498], 'Std Training Time': [6.537330814906926e-05, 3.447725559710034e-05, 6.78503001349924e-05, 3.166123326104575e-05, 3.853743366807935e-05, 6.853414527010913e-05, 0.00013736376308409224, 0.0001257582154856779, 0.0002420103310115311, 9.610906583764414e-05, 0.0009729569370421641, 8.319345918878057e-05, 0.0005652252114972577, 7.020149434481292e-05, 0.0003324461498882708, 0.002276456641051426, 0.00043272697481355857, 0.00029371499774310736, 0.00024069199132802576, 0.0005009142679196536], 'Mean Best Score in CV': [0.7673163418290854, 0.7764617691154423, 0.7768628185907047, 0.7786431784107946, 0.779508995502249, 0.7812518740629686, 0.7781934032983508, 0.7816566716641679, 0.7764880059970015, 0.7786506746626687, 0.7812443778110945, 0.780363568215892, 0.7790854572713644, 0.7812443778110945, 0.7799475262368816, 0.7790704647676161, 0.7799400299850074, 0.7799325337331335, 0.7769115442278861, 0.7799475262368816], 'Std Best Score in CV': [0.013358526963883217, 0.01172422420471555, 0.0125340979651429, 0.015078201476045057, 0.016888183299267747, 0.014002727621790577, 0.013984078550568855, 0.020680691678929095, 0.01691352907305064, 0.015473756509012775, 0.01445804102535931, 0.016339048272403366, 0.01928605694587372, 0.01720293608674814, 0.01836695067333564, 0.017490550067922026, 0.01541447767446213, 0.01920086595256467, 0.01547838967909148, 0.014349903659433793], 'cv_mean_test_score': [0.7673163418290854, 0.7764617691154423, 0.7768628185907047, 0.7786431784107946, 0.779508995502249, 0.7812518740629686, 0.7781934032983508, 0.7816566716641679, 0.7764880059970015, 0.7786506746626687, 0.7812443778110945, 0.780363568215892, 0.7790854572713644, 0.7812443778110945, 0.7799475262368816, 0.7790704647676161, 0.7799400299850074, 0.7799325337331335, 0.7769115442278861, 0.7799475262368816], 'cv_std_test_score': [0.029248540146637168, 0.03504247483582053, 0.03318622814688259, 0.030998676083196314, 0.03164385433415731, 0.031157254414603507, 0.0338045020253562, 0.03775239231007811, 0.03795545285093116, 0.028986950713232797, 0.033371309891801634, 0.0318136675188442, 0.03533125396566268, 0.04176682791906727, 0.03486129874428853, 0.03781791896055872, 0.03367856137462634, 0.032675339807534426, 0.03508495072330853, 0.03405081787087994], 'cv_mean_fit_time': [0.0010820269584655763, 0.000989377498626709, 0.0010361075401306152, 0.001236593723297119, 0.0011858820915222168, 0.0012527823448181153, 0.0013781189918518066, 0.0013704657554626464, 0.0013928174972534179, 0.001463639736175537, 0.0018272757530212401, 0.0016582250595092774, 0.00182112455368042, 0.0018460631370544435, 0.001965236663818359, 0.0019449591636657715, 0.0020439624786376953, 0.002181553840637207, 0.0022170305252075194, 0.0023618578910827638], 'cv_std_fit_time': [0.00016625983479974299, 0.00013436268266019631, 0.00011159571950582504, 0.0001931665182356847, 0.00010015391296495514, 0.00012910058604589808, 9.558441516079701e-05, 8.497957361843982e-05, 8.786652050826919e-05, 9.964719334016114e-05, 0.00047329196413226885, 0.00021987512600086173, 0.0001969380848345785, 0.0002122049897140078, 0.0004338739762917488, 0.00017795443604864969, 8.36630644868764e-05, 0.00019428866089804891, 0.00014653453980628247, 0.00021283162004435795]}
{'percent': [1, 1, 1, 1, 2, 2, 2, 2, 3, 3, 3, 3, 4, 4, 4, 4, 5, 5, 5, 5, 6, 6, 6, 6, 7, 7, 7, 7, 8, 8, 8, 8, 9, 9, 9, 9, 10, 10, 10, 10, 11, 11, 11, 11, 12, 12, 12, 12, 13, 13, 13, 13, 14, 14, 14, 14, 15, 15, 15, 15, 16, 16, 16, 16, 17, 17, 17, 17, 18, 18, 18, 18, 19, 19, 19, 19, 20, 20, 20, 20], 'n_components': [7, 7, 7, 7, 15, 15, 15, 15, 23, 23, 23, 23, 30, 30, 30, 30, 38, 38, 38, 38, 46, 46, 46, 46, 53, 53, 53, 53, 61, 61, 61, 61, 69, 69, 69, 69, 76, 76, 76, 76, 84, 84, 84, 84, 92, 92, 92, 92, 99, 99, 99, 99, 107, 107, 107, 107, 115, 115, 115, 115, 122, 122, 122, 122, 130, 130, 130, 130, 138, 138, 138, 138, 145, 145, 145, 145, 153, 153, 153, 153], 'Score in test': [0.78125, 0.7239583333333334, 0.7083333333333334, 0.7760416666666666, 0.828125, 0.7552083333333334, 0.7239583333333334, 0.828125, 0.796875, 0.734375, 0.7291666666666666, 0.796875, 0.8177083333333334, 0.75, 0.7239583333333334, 0.7916666666666666, 0.8072916666666666, 0.75, 0.7239583333333334, 0.8020833333333334, 0.7760416666666666, 0.7604166666666666, 0.7239583333333334, 0.8229166666666666, 0.796875, 0.734375, 0.734375, 0.8177083333333334, 0.7760416666666666, 0.7395833333333334, 0.7135416666666666, 0.8177083333333334, 0.8020833333333334, 0.7552083333333334, 0.7291666666666666, 0.8385416666666666, 0.7760416666666666, 0.7447916666666666, 0.7083333333333334, 0.8177083333333334, 0.78125, 0.7552083333333334, 0.7239583333333334, 0.8020833333333334, 0.7864583333333334, 0.734375, 0.7135416666666666, 0.828125, 0.8072916666666666, 0.7604166666666666, 0.7135416666666666, 0.8177083333333334, 0.8020833333333334, 0.765625, 0.734375, 0.8072916666666666, 0.8020833333333334, 0.7395833333333334, 0.703125, 0.8072916666666666, 0.7916666666666666, 0.7395833333333334, 0.7291666666666666, 0.8125, 0.796875, 0.734375, 0.7291666666666666, 0.8177083333333334, 0.8020833333333334, 0.734375, 0.7135416666666666, 0.8177083333333334, 0.8020833333333334, 0.7604166666666666, 0.71875, 0.8333333333333334, 0.7864583333333334, 0.75, 0.7135416666666666, 0.8177083333333334], 'Training Time': [0.001190185546875, 0.0010228157043457031, 0.0010399818420410156, 0.0010979175567626953, 0.0011470317840576172, 0.0010848045349121094, 0.0011789798736572266, 0.0011219978332519531, 0.0013580322265625, 0.0011761188507080078, 0.0013058185577392578, 0.0012459754943847656, 0.0012979507446289062, 0.0012531280517578125, 0.00121307373046875, 0.001277923583984375, 0.0013089179992675781, 0.001262664794921875, 0.0012850761413574219, 0.0013661384582519531, 0.0013821125030517578, 0.0014047622680664062, 0.0015349388122558594, 0.001523733139038086, 0.0016388893127441406, 0.0013186931610107422, 0.0015459060668945312, 0.001332998275756836, 0.002039670944213867, 0.0018548965454101562, 0.002128124237060547, 0.001827239990234375, 0.0024890899658203125, 0.0018391609191894531, 0.0022330284118652344, 0.0020241737365722656, 0.0018720626831054688, 0.002093791961669922, 0.0018591880798339844, 0.0018880367279052734, 0.004610776901245117, 0.0038080215454101562, 0.002006053924560547, 0.004026174545288086, 0.0020742416381835938, 0.001936197280883789, 0.002170085906982422, 0.002067089080810547, 0.002459287643432617, 0.002274751663208008, 0.0024261474609375, 0.0036821365356445312, 0.002441883087158203, 0.0023081302642822266, 0.0024368762969970703, 0.002290964126586914, 0.0024068355560302734, 0.002081632614135742, 0.0027370452880859375, 0.002959012985229492, 0.0036411285400390625, 0.003160238265991211, 0.008532047271728516, 0.007130861282348633, 0.002839803695678711, 0.0034470558166503906, 0.0032188892364501953, 0.0023038387298583984, 0.002557039260864258, 0.0023469924926757812, 0.0030570030212402344, 0.002329111099243164, 0.002736806869506836, 0.0025300979614257812, 0.0030090808868408203, 0.0023648738861083984, 0.003955841064453125, 0.002866029739379883, 0.003226041793823242, 0.002630949020385742], 'Best Parameters': [{'fourier_random_features__gamma': 0.0001220703125, 'ridge_classification__alpha': 0.0001}, {'fourier_random_features__gamma': 0.0013810679320049757, 'ridge_classification__alpha': 0.0031622776601683794}, {'fourier_random_features__gamma': 0.0013810679320049757, 'ridge_classification__alpha': 0.0031622776601683794}, {'fourier_random_features__gamma': 0.0001220703125, 'ridge_classification__alpha': 0.0031622776601683794}, {'fourier_random_features__gamma': 0.015625, 'ridge_classification__alpha': 0.0031622776601683794}, {'fourier_random_features__gamma': 0.0013810679320049757, 'ridge_classification__alpha': 0.0001}, {'fourier_random_features__gamma': 0.0013810679320049757, 'ridge_classification__alpha': 0.0031622776601683794}, {'fourier_random_features__gamma': 0.0013810679320049757, 'ridge_classification__alpha': 0.0031622776601683794}, {'fourier_random_features__gamma': 0.015625, 'ridge_classification__alpha': 3.1622776601683795}, {'fourier_random_features__gamma': 0.015625, 'ridge_classification__alpha': 0.0001}, {'fourier_random_features__gamma': 0.015625, 'ridge_classification__alpha': 0.0031622776601683794}, {'fourier_random_features__gamma': 0.0013810679320049757, 'ridge_classification__alpha': 0.1}, {'fourier_random_features__gamma': 0.0013810679320049757, 'ridge_classification__alpha': 0.0031622776601683794}, {'fourier_random_features__gamma': 0.015625, 'ridge_classification__alpha': 0.1}, {'fourier_random_features__gamma': 0.0013810679320049757, 'ridge_classification__alpha': 0.0031622776601683794}, {'fourier_random_features__gamma': 0.0001220703125, 'ridge_classification__alpha': 0.0031622776601683794}, {'fourier_random_features__gamma': 0.0001220703125, 'ridge_classification__alpha': 0.0001}, {'fourier_random_features__gamma': 0.015625, 'ridge_classification__alpha': 0.0001}, {'fourier_random_features__gamma': 0.015625, 'ridge_classification__alpha': 0.0031622776601683794}, {'fourier_random_features__gamma': 0.0001220703125, 'ridge_classification__alpha': 0.0001}, {'fourier_random_features__gamma': 0.0013810679320049757, 'ridge_classification__alpha': 0.0001}, {'fourier_random_features__gamma': 0.0001220703125, 'ridge_classification__alpha': 0.0001}, {'fourier_random_features__gamma': 0.015625, 'ridge_classification__alpha': 0.1}, {'fourier_random_features__gamma': 0.015625, 'ridge_classification__alpha': 0.1}, {'fourier_random_features__gamma': 0.015625, 'ridge_classification__alpha': 3.1622776601683795}, {'fourier_random_features__gamma': 0.0001220703125, 'ridge_classification__alpha': 0.0031622776601683794}, {'fourier_random_features__gamma': 0.015625, 'ridge_classification__alpha': 0.0031622776601683794}, {'fourier_random_features__gamma': 0.0001220703125, 'ridge_classification__alpha': 0.0001}, {'fourier_random_features__gamma': 0.015625, 'ridge_classification__alpha': 3.1622776601683795}, {'fourier_random_features__gamma': 0.015625, 'ridge_classification__alpha': 3.1622776601683795}, {'fourier_random_features__gamma': 0.015625, 'ridge_classification__alpha': 0.1}, {'fourier_random_features__gamma': 0.0001220703125, 'ridge_classification__alpha': 0.0001}, {'fourier_random_features__gamma': 0.0001220703125, 'ridge_classification__alpha': 0.0031622776601683794}, {'fourier_random_features__gamma': 0.015625, 'ridge_classification__alpha': 0.1}, {'fourier_random_features__gamma': 0.0013810679320049757, 'ridge_classification__alpha': 0.0001}, {'fourier_random_features__gamma': 0.015625, 'ridge_classification__alpha': 0.1}, {'fourier_random_features__gamma': 0.015625, 'ridge_classification__alpha': 0.1}, {'fourier_random_features__gamma': 0.0013810679320049757, 'ridge_classification__alpha': 0.1}, {'fourier_random_features__gamma': 0.0013810679320049757, 'ridge_classification__alpha': 0.0001}, {'fourier_random_features__gamma': 0.0013810679320049757, 'ridge_classification__alpha': 0.0031622776601683794}, {'fourier_random_features__gamma': 0.015625, 'ridge_classification__alpha': 3.1622776601683795}, {'fourier_random_features__gamma': 0.015625, 'ridge_classification__alpha': 3.1622776601683795}, {'fourier_random_features__gamma': 0.0013810679320049757, 'ridge_classification__alpha': 0.0001}, {'fourier_random_features__gamma': 0.015625, 'ridge_classification__alpha': 3.1622776601683795}, {'fourier_random_features__gamma': 0.015625, 'ridge_classification__alpha': 3.1622776601683795}, {'fourier_random_features__gamma': 0.0001220703125, 'ridge_classification__alpha': 0.0031622776601683794}, {'fourier_random_features__gamma': 0.0013810679320049757, 'ridge_classification__alpha': 0.0001}, {'fourier_random_features__gamma': 0.0001220703125, 'ridge_classification__alpha': 0.0001}, {'fourier_random_features__gamma': 0.0001220703125, 'ridge_classification__alpha': 0.0031622776601683794}, {'fourier_random_features__gamma': 0.015625, 'ridge_classification__alpha': 0.1}, {'fourier_random_features__gamma': 0.015625, 'ridge_classification__alpha': 0.1}, {'fourier_random_features__gamma': 0.0001220703125, 'ridge_classification__alpha': 0.0001}, {'fourier_random_features__gamma': 0.0013810679320049757, 'ridge_classification__alpha': 0.0031622776601683794}, {'fourier_random_features__gamma': 0.015625, 'ridge_classification__alpha': 0.1}, {'fourier_random_features__gamma': 0.015625, 'ridge_classification__alpha': 0.1}, {'fourier_random_features__gamma': 0.015625, 'ridge_classification__alpha': 3.1622776601683795}, {'fourier_random_features__gamma': 0.015625, 'ridge_classification__alpha': 0.1}, {'fourier_random_features__gamma': 0.0013810679320049757, 'ridge_classification__alpha': 0.1}, {'fourier_random_features__gamma': 0.0013810679320049757, 'ridge_classification__alpha': 0.0001}, {'fourier_random_features__gamma': 0.0013810679320049757, 'ridge_classification__alpha': 0.0031622776601683794}, {'fourier_random_features__gamma': 0.0013810679320049757, 'ridge_classification__alpha': 0.0031622776601683794}, {'fourier_random_features__gamma': 0.015625, 'ridge_classification__alpha': 0.0031622776601683794}, {'fourier_random_features__gamma': 0.015625, 'ridge_classification__alpha': 0.1}, {'fourier_random_features__gamma': 0.0001220703125, 'ridge_classification__alpha': 0.0001}, {'fourier_random_features__gamma': 0.015625, 'ridge_classification__alpha': 0.1}, {'fourier_random_features__gamma': 0.0001220703125, 'ridge_classification__alpha': 0.0031622776601683794}, {'fourier_random_features__gamma': 0.0013810679320049757, 'ridge_classification__alpha': 0.0031622776601683794}, {'fourier_random_features__gamma': 0.0001220703125, 'ridge_classification__alpha': 0.0001}, {'fourier_random_features__gamma': 0.0013810679320049757, 'ridge_classification__alpha': 0.0031622776601683794}, {'fourier_random_features__gamma': 0.0013810679320049757, 'ridge_classification__alpha': 0.1}, {'fourier_random_features__gamma': 0.015625, 'ridge_classification__alpha': 0.1}, {'fourier_random_features__gamma': 0.0001220703125, 'ridge_classification__alpha': 0.0001}, {'fourier_random_features__gamma': 0.0001220703125, 'ridge_classification__alpha': 0.0031622776601683794}, {'fourier_random_features__gamma': 0.0013810679320049757, 'ridge_classification__alpha': 0.0031622776601683794}, {'fourier_random_features__gamma': 0.0013810679320049757, 'ridge_classification__alpha': 0.0001}, {'fourier_random_features__gamma': 0.0001220703125, 'ridge_classification__alpha': 0.0001}, {'fourier_random_features__gamma': 0.0013810679320049757, 'ridge_classification__alpha': 0.0031622776601683794}, {'fourier_random_features__gamma': 0.015625, 'ridge_classification__alpha': 3.1622776601683795}, {'fourier_random_features__gamma': 0.0013810679320049757, 'ridge_classification__alpha': 0.0001}, {'fourier_random_features__gamma': 0.0001220703125, 'ridge_classification__alpha': 0.0001}], 'Best Score in CV': [0.7621289355322338, 0.7759970014992503, 0.7829685157421289, 0.7481709145427285, 0.7656521739130435, 0.7777961019490255, 0.7950974512743627, 0.7673013493253373, 0.7690554722638681, 0.7812293853073464, 0.7950524737631185, 0.7621139430284856, 0.767376311844078, 0.7847376311844078, 0.800359820089955, 0.7620989505247376, 0.7673913043478261, 0.7829535232383809, 0.8055772113943028, 0.7621139430284858, 0.7760269865067466, 0.7795052473763119, 0.8038380809595204, 0.7656371814092953, 0.7690554722638681, 0.7795052473763118, 0.8003598200899551, 0.7638530734632683, 0.7655922038980509, 0.7847076461769116, 0.8142278860569714, 0.7620989505247376, 0.7621739130434783, 0.7812893553223389, 0.8021139430284858, 0.7603748125937032, 0.7656371814092953, 0.7829985007496252, 0.8021139430284858, 0.7638530734632685, 0.7725637181409295, 0.7829835082458771, 0.8038680659670165, 0.7655622188905546, 0.7725487256371815, 0.7777661169415293, 0.8073163418290855, 0.7638230884557722, 0.7621589205397301, 0.7865067466266867, 0.8073013493253374, 0.7603748125937031, 0.7708545727136432, 0.7812893553223389, 0.8090254872563717, 0.7638080959520239, 0.7691154422788606, 0.7812443778110946, 0.8090554722638681, 0.7603748125937031, 0.7673613193403298, 0.7795202398800599, 0.8073163418290855, 0.7620839580209895, 0.7708545727136432, 0.7777811094452772, 0.8055622188905547, 0.7655622188905549, 0.7656371814092953, 0.7812293853073463, 0.8107646176911544, 0.7620989505247378, 0.7638980509745127, 0.7812443778110945, 0.8003898050974513, 0.7621139430284858, 0.7673913043478261, 0.7864467766116942, 0.8003748125937031, 0.7655772113943028], 'cv_mean_test_score': [0.7621289355322338, 0.7759970014992503, 0.7829685157421289, 0.7481709145427285, 0.7656521739130435, 0.7777961019490255, 0.7950974512743627, 0.7673013493253373, 0.7690554722638681, 0.7812293853073464, 0.7950524737631185, 0.7621139430284856, 0.767376311844078, 0.7847376311844078, 0.800359820089955, 0.7620989505247376, 0.7673913043478261, 0.7829535232383809, 0.8055772113943028, 0.7621139430284858, 0.7760269865067466, 0.7795052473763119, 0.8038380809595204, 0.7656371814092953, 0.7690554722638681, 0.7795052473763118, 0.8003598200899551, 0.7638530734632683, 0.7655922038980509, 0.7847076461769116, 0.8142278860569714, 0.7620989505247376, 0.7621739130434783, 0.7812893553223389, 0.8021139430284858, 0.7603748125937032, 0.7656371814092953, 0.7829985007496252, 0.8021139430284858, 0.7638530734632685, 0.7725637181409295, 0.7829835082458771, 0.8038680659670165, 0.7655622188905546, 0.7725487256371815, 0.7777661169415293, 0.8073163418290855, 0.7638230884557722, 0.7621589205397301, 0.7865067466266867, 0.8073013493253374, 0.7603748125937031, 0.7708545727136432, 0.7812893553223389, 0.8090254872563717, 0.7638080959520239, 0.7691154422788606, 0.7812443778110946, 0.8090554722638681, 0.7603748125937031, 0.7673613193403298, 0.7795202398800599, 0.8073163418290855, 0.7620839580209895, 0.7708545727136432, 0.7777811094452772, 0.8055622188905547, 0.7655622188905549, 0.7656371814092953, 0.7812293853073463, 0.8107646176911544, 0.7620989505247378, 0.7638980509745127, 0.7812443778110945, 0.8003898050974513, 0.7621139430284858, 0.7673913043478261, 0.7864467766116942, 0.8003748125937031, 0.7655772113943028], 'cv_std_test_score': [0.01977865281292255, 0.03476995323716259, 0.02347762899308825, 0.03896792554337529, 0.030385052538532475, 0.037821912237886765, 0.029659083243853496, 0.04230385132300938, 0.030200366055307983, 0.03875779995563259, 0.04169512060537698, 0.0220916259712128, 0.03018964652639913, 0.044390816198860976, 0.015369649144617557, 0.0340445924629076, 0.03153298150342391, 0.029314681213135154, 0.0331285349177902, 0.032599219702280004, 0.024342230950680985, 0.0367713153468197, 0.02712567812305826, 0.03638979323785508, 0.04121227394676562, 0.027335228158876373, 0.03150190124620146, 0.035168604749581375, 0.04713319855695331, 0.028883516647072536, 0.03676339232304533, 0.03822946171324127, 0.03531120087695124, 0.04031912154338289, 0.03963708375772088, 0.036554405225669634, 0.02898767160059427, 0.02899499060772893, 0.024560832939391413, 0.03340430770521658, 0.028821816306931404, 0.033461239748712804, 0.029027345771715833, 0.04217483773984651, 0.028405489371872972, 0.03049578453863998, 0.028600479158487048, 0.039752917006376794, 0.03584401324511758, 0.03425805149893924, 0.032655435320168166, 0.03856751579842575, 0.03898023295946019, 0.055474565372248826, 0.034351408787842576, 0.03826110455671748, 0.03976694851824814, 0.034547764812783856, 0.029413076252970755, 0.03571740539315138, 0.03745197056548877, 0.04682287336798328, 0.026400841299617086, 0.04059599060914575, 0.029224170379201792, 0.02723860262644893, 0.040224985345449125, 0.038026487147405516, 0.035971812648266314, 0.02786160685954635, 0.028244922108782017, 0.038623017613543004, 0.0348825529928441, 0.03748690812006944, 0.03269735487321629, 0.03527298690710428, 0.03805279389050619, 0.03241566537870566, 0.029404959313096977, 0.03632985290121093], 'cv_mean_fit_time': [0.0012187957763671875, 0.0009505748748779297, 0.0011383056640625, 0.0010204315185546875, 0.0009668350219726562, 0.0009187698364257812, 0.001016998291015625, 0.0010549068450927735, 0.0011373519897460937, 0.0009652137756347656, 0.0009835720062255859, 0.0010582923889160157, 0.0012375354766845704, 0.0014923572540283202, 0.0010310173034667968, 0.001185464859008789, 0.001246023178100586, 0.0011446475982666016, 0.001129007339477539, 0.0012238502502441406, 0.0011136054992675782, 0.0013081550598144532, 0.0012341976165771485, 0.0013551712036132812, 0.001236724853515625, 0.0014031887054443359, 0.0014674663543701172, 0.0014050960540771484, 0.0014589309692382812, 0.0013044357299804687, 0.0013585567474365234, 0.0013599395751953125, 0.0014876365661621095, 0.0013737678527832031, 0.0012750625610351562, 0.0014348030090332031, 0.0014914989471435547, 0.001412200927734375, 0.001409435272216797, 0.0015414237976074218, 0.0015537738800048828, 0.002085590362548828, 0.001458454132080078, 0.0022112846374511717, 0.0020170688629150392, 0.0015411376953125, 0.0014888286590576173, 0.0015858650207519532, 0.0017033100128173828, 0.0017046451568603516, 0.00216217041015625, 0.0017143726348876954, 0.0019333839416503906, 0.0018474578857421875, 0.0017853260040283203, 0.001818084716796875, 0.0026847362518310548, 0.0017062187194824218, 0.001786041259765625, 0.001683950424194336, 0.0020413875579833986, 0.0018187999725341798, 0.002025938034057617, 0.0018937110900878907, 0.0021264076232910155, 0.001772594451904297, 0.002153444290161133, 0.002123403549194336, 0.0020345211029052734, 0.001973390579223633, 0.002591228485107422, 0.0021270751953125, 0.0021074295043945314, 0.0025281906127929688, 0.002089691162109375, 0.002142810821533203, 0.0025841236114501954, 0.0023049354553222657, 0.002228403091430664, 0.0023299694061279298], 'cv_std_fit_time': [2.2951178486067676e-05, 9.466292514827706e-05, 0.0004649324071954866, 8.249282836914062e-05, 0.00010683987445590443, 0.00011557676972919327, 0.0001094250997339015, 0.00020560898672178607, 0.00016834868061987512, 0.00010469313547999079, 5.945407923959933e-05, 0.00011388698268383491, 0.0001748415368931649, 0.000393068950777007, 6.825913510196382e-05, 0.00013649645017060327, 7.494348146198643e-05, 0.00014283219110915215, 9.291825101461954e-05, 8.992172827406246e-05, 3.9651066961265875e-05, 0.0001321480350850942, 0.00012122149696676368, 0.00022338174517046858, 8.337581910626423e-05, 5.601742820299307e-05, 0.0002238646099595471, 1.9079803374383634e-05, 9.767196480403669e-05, 4.8260867577673794e-05, 9.997256916190741e-05, 9.401289293014139e-05, 0.0001344633947057177, 5.99610165489092e-05, 5.9060858694313883e-05, 9.798081208413603e-05, 9.844711650466116e-05, 7.756887556293848e-05, 7.466158412679103e-05, 0.00014791119716625395, 7.641053232463405e-05, 0.0008594452488014022, 9.277190129520291e-05, 0.0008645401741078363, 0.0006104287530844546, 8.199172991828091e-05, 0.00011276030328715567, 7.431971771355573e-05, 6.166583053168313e-05, 0.0001151278265424874, 0.0005709908527102766, 3.996782955386686e-05, 0.0003961350456392783, 0.00011078635907910839, 0.0001440081690721343, 0.00019789038506551026, 0.0013682223498945225, 8.984725623959937e-05, 0.00015966508995185607, 0.00011776120908101732, 0.00033009368358378555, 2.496305144288751e-05, 0.00019936404767043536, 0.0001573969614974903, 0.00013249076396483492, 5.80758296055191e-05, 0.0001100452351827243, 3.404042919442728e-05, 0.00011371667494540346, 0.00012398591380895444, 0.00047089212368178003, 6.855993115605771e-05, 8.925079693530746e-05, 0.00036994242469929516, 0.00010920262210736276, 1.774231548316445e-05, 0.0006784991408626637, 3.360047846532556e-05, 0.0001013092809295271, 3.79175799199154e-05]}
