
    --------------------
    'Model: Nystrom and ridge classification 
    	Dataset: a5a (classification) of shape (6414, 123) 	CV: 5 	n_jobs: 5
    	 params: {'nystroem__gamma': array([7.93953252e-06, 8.98255566e-05, 1.01626016e-03, 1.14976712e-02,
       1.30081301e-01]), 'ridge_classification__alpha': array([1.00000000e-04, 3.16227766e-03, 1.00000000e-01, 3.16227766e+00,
       1.00000000e+02])} 
    	 number of hyperparameter 25
    
        	 n components [64, 128, 256, 320, 448, 577, 641, 769, 833, 962, 1090, 1154, 1282, 1346, 1475, 1603]
        	 which correspond with the [1, 2, 4, 5, 7, 9, 10, 12, 13, 15, 17, 18, 20, 21, 23, 25] % of the data
        --------------------
        
{'percent': [1, 2, 4, 5, 7, 9, 10, 12, 13, 15, 17, 18, 20, 21, 23, 25], 'n_components': [64, 128, 256, 320, 448, 577, 641, 769, 833, 962, 1090, 1154, 1282, 1346, 1475, 1603], 'Mean Score in test': [0.8445328335946762, 0.8448387960377863, 0.8454124756186178, 0.8461391364210044, 0.8450682678701189, 0.8443416070677324, 0.8456419474509504, 0.8452594943970627, 0.8457949286725055, 0.8454507209240065, 0.8454507209240065, 0.8455654568401728, 0.8444563429838987, 0.8459861551994493, 0.8441121352353999, 0.8452594943970627], 'Std Score in test': [0.0, 0.0, 0.0, 0.0, 0.0, 0.0, 0.0, 0.0, 0.0, 0.0, 0.0, 0.0, 0.0, 0.0, 0.0, 0.0], 'Mean Training Time': [0.12132024765014648, 0.16823124885559082, 0.22397136688232422, 0.3145432472229004, 0.39296436309814453, 0.6400036811828613, 0.6880919933319092, 0.9964632987976074, 1.0401883125305176, 1.218991994857788, 1.4647579193115234, 1.643589735031128, 1.9257240295410156, 2.2208473682403564, 2.656254529953003, 3.1965816020965576], 'Std Training Time': [0.0, 0.0, 0.0, 0.0, 0.0, 0.0, 0.0, 0.0, 0.0, 0.0, 0.0, 0.0, 0.0, 0.0, 0.0, 0.0], 'Mean Best Score in CV': [0.8411292273982462, 0.8409737075375455, 0.8428438369023459, 0.8423759397764844, 0.8425325539911699, 0.8420649000550824, 0.8417524011950345, 0.8429998431425956, 0.8420644136755339, 0.8429995999528211, 0.8429999647374828, 0.8423759397764844, 0.8411292273982462, 0.8423760613713714, 0.8409734643477711, 0.8415965165496722], 'Std Best Score in CV': [0.0, 0.0, 0.0, 0.0, 0.0, 0.0, 0.0, 0.0, 0.0, 0.0, 0.0, 0.0, 0.0, 0.0, 0.0, 0.0], 'cv_mean_test_score': [0.8411292273982462, 0.8409737075375455, 0.8428438369023459, 0.8423759397764844, 0.8425325539911699, 0.8420649000550824, 0.8417524011950345, 0.8429998431425956, 0.8420644136755339, 0.8429995999528211, 0.8429999647374828, 0.8423759397764844, 0.8411292273982462, 0.8423760613713714, 0.8409734643477711, 0.8415965165496722], 'cv_std_test_score': [0.004566566426990566, 0.00454300873228541, 0.005544669385443824, 0.003866966979630232, 0.004189821859311193, 0.003546124369659839, 0.0033798591394520647, 0.0031329062351269266, 0.0026251166236593124, 0.0038722345418376403, 0.0041606045556085314, 0.0028969686749104107, 0.0038757610212411604, 0.0035334072957847523, 0.004551017635741334, 0.0031709542561489], 'cv_mean_fit_time': [0.05712690353393555, 0.11232080459594726, 0.2237070083618164, 0.2911048889160156, 0.5094180583953858, 0.7670913219451905, 1.0113611221313477, 1.43283109664917, 1.7266164779663087, 2.395728254318237, 3.2646864891052245, 3.8533680915832518, 5.053501319885254, 5.949575042724609, 7.345767974853516, 9.851962566375732], 'cv_std_fit_time': [0.013172460033348843, 0.013834215755929528, 0.011708583493283655, 0.0497192935581066, 0.0760532116333412, 0.14896307514727297, 0.18487012092468, 0.21884579682868455, 0.2687862284713572, 0.48144382624628246, 0.7027632012989404, 0.8589283701474683, 1.1487034457084124, 1.2723811954403161, 2.133217249216969, 1.7486119954645742]}
{'percent': [1, 2, 4, 5, 7, 9, 10, 12, 13, 15, 17, 18, 20, 21, 23, 25], 'n_components': [64, 128, 256, 320, 448, 577, 641, 769, 833, 962, 1090, 1154, 1282, 1346, 1475, 1603], 'Score in test': [0.8445328335946762, 0.8448387960377863, 0.8454124756186178, 0.8461391364210044, 0.8450682678701189, 0.8443416070677324, 0.8456419474509504, 0.8452594943970627, 0.8457949286725055, 0.8454507209240065, 0.8454507209240065, 0.8455654568401728, 0.8444563429838987, 0.8459861551994493, 0.8441121352353999, 0.8452594943970627], 'Training Time': [0.12132024765014648, 0.16823124885559082, 0.22397136688232422, 0.3145432472229004, 0.39296436309814453, 0.6400036811828613, 0.6880919933319092, 0.9964632987976074, 1.0401883125305176, 1.218991994857788, 1.4647579193115234, 1.643589735031128, 1.9257240295410156, 2.2208473682403564, 2.656254529953003, 3.1965816020965576], 'Best Parameters': [{'nystroem__gamma': 8.982555655316915e-05, 'ridge_classification__alpha': 0.0031622776601683794}, {'nystroem__gamma': 7.939532520325204e-06, 'ridge_classification__alpha': 0.0001}, {'nystroem__gamma': 8.982555655316915e-05, 'ridge_classification__alpha': 0.0031622776601683794}, {'nystroem__gamma': 7.939532520325204e-06, 'ridge_classification__alpha': 0.0001}, {'nystroem__gamma': 7.939532520325204e-06, 'ridge_classification__alpha': 0.0031622776601683794}, {'nystroem__gamma': 7.939532520325204e-06, 'ridge_classification__alpha': 0.0031622776601683794}, {'nystroem__gamma': 7.939532520325204e-06, 'ridge_classification__alpha': 0.0001}, {'nystroem__gamma': 7.939532520325204e-06, 'ridge_classification__alpha': 0.0001}, {'nystroem__gamma': 7.939532520325204e-06, 'ridge_classification__alpha': 0.0001}, {'nystroem__gamma': 7.939532520325204e-06, 'ridge_classification__alpha': 0.0001}, {'nystroem__gamma': 7.939532520325204e-06, 'ridge_classification__alpha': 0.0001}, {'nystroem__gamma': 7.939532520325204e-06, 'ridge_classification__alpha': 0.0001}, {'nystroem__gamma': 7.939532520325204e-06, 'ridge_classification__alpha': 0.0031622776601683794}, {'nystroem__gamma': 7.939532520325204e-06, 'ridge_classification__alpha': 0.0001}, {'nystroem__gamma': 7.939532520325204e-06, 'ridge_classification__alpha': 0.0031622776601683794}, {'nystroem__gamma': 7.939532520325204e-06, 'ridge_classification__alpha': 0.0001}], 'Best Score in CV': [0.8411292273982462, 0.8409737075375455, 0.8428438369023459, 0.8423759397764844, 0.8425325539911699, 0.8420649000550824, 0.8417524011950345, 0.8429998431425956, 0.8420644136755339, 0.8429995999528211, 0.8429999647374828, 0.8423759397764844, 0.8411292273982462, 0.8423760613713714, 0.8409734643477711, 0.8415965165496722], 'cv_mean_test_score': [0.8411292273982462, 0.8409737075375455, 0.8428438369023459, 0.8423759397764844, 0.8425325539911699, 0.8420649000550824, 0.8417524011950345, 0.8429998431425956, 0.8420644136755339, 0.8429995999528211, 0.8429999647374828, 0.8423759397764844, 0.8411292273982462, 0.8423760613713714, 0.8409734643477711, 0.8415965165496722], 'cv_std_test_score': [0.004566566426990566, 0.00454300873228541, 0.005544669385443824, 0.003866966979630232, 0.004189821859311193, 0.003546124369659839, 0.0033798591394520647, 0.0031329062351269266, 0.0026251166236593124, 0.0038722345418376403, 0.0041606045556085314, 0.0028969686749104107, 0.0038757610212411604, 0.0035334072957847523, 0.004551017635741334, 0.0031709542561489], 'cv_mean_fit_time': [0.05712690353393555, 0.11232080459594726, 0.2237070083618164, 0.2911048889160156, 0.5094180583953858, 0.7670913219451905, 1.0113611221313477, 1.43283109664917, 1.7266164779663087, 2.395728254318237, 3.2646864891052245, 3.8533680915832518, 5.053501319885254, 5.949575042724609, 7.345767974853516, 9.851962566375732], 'cv_std_fit_time': [0.013172460033348843, 0.013834215755929528, 0.011708583493283655, 0.0497192935581066, 0.0760532116333412, 0.14896307514727297, 0.18487012092468, 0.21884579682868455, 0.2687862284713572, 0.48144382624628246, 0.7027632012989404, 0.8589283701474683, 1.1487034457084124, 1.2723811954403161, 2.133217249216969, 1.7486119954645742]}
