
    --------------------
    'Model: Nystrom and SVC 
    	Dataset: a5a (classification) of shape (6414, 123) 	CV: 5 	n_jobs: 5
    	 params: {'nystroem__gamma': array([7.93953252e-06, 8.98255566e-05, 1.01626016e-03, 1.14976712e-02,
       1.30081301e-01]), 'svm__C': array([1.00000000e-04, 3.16227766e-03, 1.00000000e-01, 3.16227766e+00,
       1.00000000e+02])} 
    	 number of hyperparameter 25
    
        	 n components [64, 128, 256, 320, 448, 577, 641, 769, 833, 962, 1090, 1154, 1282, 1346, 1475, 1603]
        	 which correspond with the [1, 2, 4, 5, 7, 9, 10, 12, 13, 15, 17, 18, 20, 21, 23, 25] % of the data
        --------------------
        
{'percent': [1, 2, 4, 5, 7, 9, 10, 12, 13, 15, 17, 18, 20, 21, 23, 25], 'n_components': [64, 128, 256, 320, 448, 577, 641, 769, 833, 962, 1090, 1154, 1282, 1346, 1475, 1603], 'Mean Score in test': [0.8449152866485639, 0.8446858148162313, 0.8452977397024515, 0.8443798523731212, 0.845374230313229, 0.8441503805407886, 0.8445328335946762, 0.8449535319539526, 0.84472406012162, 0.8448387960377863, 0.8446093242054538, 0.84441809767851, 0.8445328335946762, 0.8442651164569549, 0.84472406012162, 0.8442651164569549], 'Std Score in test': [0.0, 0.0, 0.0, 0.0, 0.0, 0.0, 0.0, 0.0, 0.0, 0.0, 0.0, 0.0, 0.0, 0.0, 0.0, 0.0], 'Mean Training Time': [1.1006560325622559, 1.653458595275879, 3.8002524375915527, 5.954018831253052, 8.05301308631897, 9.708081722259521, 10.803163528442383, 13.108949422836304, 11.313024759292603, 16.10726499557495, 17.965052843093872, 18.984817028045654, 21.013546228408813, 22.01286292076111, 20.65277910232544, 22.080509901046753], 'Std Training Time': [0.0, 0.0, 0.0, 0.0, 0.0, 0.0, 0.0, 0.0, 0.0, 0.0, 0.0, 0.0, 0.0, 0.0, 0.0, 0.0], 'Mean Best Score in CV': [0.8406618166519333, 0.84128462566406, 0.8411284978289233, 0.8433111260537716, 0.8439352726096574, 0.8434673754837958, 0.8426875874723219, 0.8431551198135221, 0.8440909140652453, 0.8425314596371851, 0.8425312164474109, 0.841440267119648, 0.8425317028269594, 0.8429994783579339, 0.8433107612691103, 0.8431554845981836], 'Std Best Score in CV': [0.0, 0.0, 0.0, 0.0, 0.0, 0.0, 0.0, 0.0, 0.0, 0.0, 0.0, 0.0, 0.0, 0.0, 0.0, 0.0], 'cv_mean_test_score': [0.8406618166519333, 0.84128462566406, 0.8411284978289233, 0.8433111260537716, 0.8439352726096574, 0.8434673754837958, 0.8426875874723219, 0.8431551198135221, 0.8440909140652453, 0.8425314596371851, 0.8425312164474109, 0.841440267119648, 0.8425317028269594, 0.8429994783579339, 0.8433107612691103, 0.8431554845981836], 'cv_std_test_score': [0.011128254101844908, 0.011312906242270439, 0.011431392502080072, 0.010369405219559457, 0.010947757297813658, 0.008851738938835795, 0.008924449811899698, 0.00963485493093068, 0.009458571343165403, 0.010001589383871514, 0.008995287072739302, 0.009036310505095946, 0.009447797620071701, 0.010208520920497536, 0.009221986312230944, 0.00858832421766766]}
{'percent': [1, 2, 4, 5, 7, 9, 10, 12, 13, 15, 17, 18, 20, 21, 23, 25], 'n_components': [64, 128, 256, 320, 448, 577, 641, 769, 833, 962, 1090, 1154, 1282, 1346, 1475, 1603], 'Score in test': [0.8449152866485639, 0.8446858148162313, 0.8452977397024515, 0.8443798523731212, 0.845374230313229, 0.8441503805407886, 0.8445328335946762, 0.8449535319539526, 0.84472406012162, 0.8448387960377863, 0.8446093242054538, 0.84441809767851, 0.8445328335946762, 0.8442651164569549, 0.84472406012162, 0.8442651164569549], 'Training Time': [1.1006560325622559, 1.653458595275879, 3.8002524375915527, 5.954018831253052, 8.05301308631897, 9.708081722259521, 10.803163528442383, 13.108949422836304, 11.313024759292603, 16.10726499557495, 17.965052843093872, 18.984817028045654, 21.013546228408813, 22.01286292076111, 20.65277910232544, 22.080509901046753], 'Best Parameters': [{'nystroem__gamma': 8.982555655316915e-05, 'svm__C': 100.0}, {'nystroem__gamma': 8.982555655316915e-05, 'svm__C': 100.0}, {'nystroem__gamma': 8.982555655316915e-05, 'svm__C': 100.0}, {'nystroem__gamma': 8.982555655316915e-05, 'svm__C': 100.0}, {'nystroem__gamma': 8.982555655316915e-05, 'svm__C': 100.0}, {'nystroem__gamma': 8.982555655316915e-05, 'svm__C': 100.0}, {'nystroem__gamma': 8.982555655316915e-05, 'svm__C': 100.0}, {'nystroem__gamma': 8.982555655316915e-05, 'svm__C': 100.0}, {'nystroem__gamma': 8.982555655316915e-05, 'svm__C': 100.0}, {'nystroem__gamma': 8.982555655316915e-05, 'svm__C': 100.0}, {'nystroem__gamma': 8.982555655316915e-05, 'svm__C': 100.0}, {'nystroem__gamma': 8.982555655316915e-05, 'svm__C': 100.0}, {'nystroem__gamma': 8.982555655316915e-05, 'svm__C': 100.0}, {'nystroem__gamma': 8.982555655316915e-05, 'svm__C': 100.0}, {'nystroem__gamma': 8.982555655316915e-05, 'svm__C': 100.0}, {'nystroem__gamma': 8.982555655316915e-05, 'svm__C': 100.0}], 'Best Score in CV': [0.8406618166519333, 0.84128462566406, 0.8411284978289233, 0.8433111260537716, 0.8439352726096574, 0.8434673754837958, 0.8426875874723219, 0.8431551198135221, 0.8440909140652453, 0.8425314596371851, 0.8425312164474109, 0.841440267119648, 0.8425317028269594, 0.8429994783579339, 0.8433107612691103, 0.8431554845981836], 'cv_mean_test_score': [0.8406618166519333, 0.84128462566406, 0.8411284978289233, 0.8433111260537716, 0.8439352726096574, 0.8434673754837958, 0.8426875874723219, 0.8431551198135221, 0.8440909140652453, 0.8425314596371851, 0.8425312164474109, 0.841440267119648, 0.8425317028269594, 0.8429994783579339, 0.8433107612691103, 0.8431554845981836], 'cv_std_test_score': [0.011128254101844908, 0.011312906242270439, 0.011431392502080072, 0.010369405219559457, 0.010947757297813658, 0.008851738938835795, 0.008924449811899698, 0.00963485493093068, 0.009458571343165403, 0.010001589383871514, 0.008995287072739302, 0.009036310505095946, 0.009447797620071701, 0.010208520920497536, 0.009221986312230944, 0.00858832421766766]}
