
    --------------------
    'Model: Random Fourier features and SVC 
    	Dataset: a5a (classification) of shape (6414, 123) 	CV: 5 	n_jobs: 5
    	 params: {'fourier_random_features__gamma': [7.939532520325204e-06, 5.5294116063016006e-05, 0.0003850905910849588, 0.0026819266479123837, 0.018678022032472104, 0.13008130081300814], 'svm__C': array([1.00000000e-04, 1.58489319e-03, 2.51188643e-02, 3.98107171e-01,
       6.30957344e+00, 1.00000000e+02])} 
    	 number of hyperparameter 36
    
        	 n components [64, 128, 256, 320, 448, 577, 641, 769, 833, 962, 1090, 1154, 1282, 1346, 1475, 1603]
        	 which correspond with the [1, 2, 4, 5, 7, 9, 10, 12, 13, 15, 17, 18, 20, 21, 23, 25] % of the data
        --------------------
        
{'percent': [1, 2, 4, 5, 7, 9, 10, 12, 13, 15, 17, 18, 20, 21, 23, 25], 'n_components': [64, 128, 256, 320, 448, 577, 641, 769, 833, 962, 1090, 1154, 1282, 1346, 1475, 1603], 'Mean Score in test': [0.8328680154511033, 0.8427735495467932, 0.8431560026006808, 0.8436149462653459, 0.8409377748881325, 0.8439591540138448, 0.8430030213791257, 0.8450300225647301, 0.8440356446246223, 0.8418556622174628, 0.8443798523731212, 0.8436914368761235, 0.8436531915707347, 0.8432324932114583, 0.8416261903851302, 0.8436531915707347], 'Std Score in test': [0.0, 0.0, 0.0, 0.0, 0.0, 0.0, 0.0, 0.0, 0.0, 0.0, 0.0, 0.0, 0.0, 0.0, 0.0, 0.0], 'Mean Training Time': [0.9772894382476807, 1.2897422313690186, 3.3047590255737305, 3.2640883922576904, 6.111618518829346, 9.250879764556885, 9.261479616165161, 11.293586254119873, 13.55251669883728, 16.695546627044678, 18.824166774749756, 18.386772394180298, 20.393683195114136, 21.322824478149414, 24.285741329193115, 21.085257530212402], 'Std Training Time': [0.0, 0.0, 0.0, 0.0, 0.0, 0.0, 0.0, 0.0, 0.0, 0.0, 0.0, 0.0, 0.0, 0.0, 0.0, 0.0], 'Mean Best Score in CV': [0.826784678557836, 0.8378534611376661, 0.842063805701098, 0.8398806910967007, 0.8422192039669116, 0.8406601143235128, 0.839569043400863, 0.842219447156686, 0.8417516716257115, 0.8417514284359371, 0.8409728563733353, 0.8409724915886738, 0.8405041080832634, 0.841595786980349, 0.8405050808423609, 0.8419076778659612], 'Std Best Score in CV': [0.0, 0.0, 0.0, 0.0, 0.0, 0.0, 0.0, 0.0, 0.0, 0.0, 0.0, 0.0, 0.0, 0.0, 0.0, 0.0], 'cv_mean_test_score': [0.826784678557836, 0.8378534611376661, 0.842063805701098, 0.8398806910967007, 0.8422192039669116, 0.8406601143235128, 0.839569043400863, 0.842219447156686, 0.8417516716257115, 0.8417514284359371, 0.8409728563733353, 0.8409724915886738, 0.8405041080832634, 0.841595786980349, 0.8405050808423609, 0.8419076778659612], 'cv_std_test_score': [0.00808622687866718, 0.007053018555395186, 0.008102353365515765, 0.008050387161704671, 0.01148538415021382, 0.007666414540920125, 0.00961274626734153, 0.009372791773434714, 0.00906263497016401, 0.010034026272129548, 0.004545050107946666, 0.008797403898896517, 0.010269553060190664, 0.008528987088714348, 0.010534321610452344, 0.010366671286567368], 'cv_mean_fit_time': [0.7978689670562744, 1.4330068588256837, 4.417931365966797, 5.723454856872559, 8.089738464355468, 11.569887351989745, 12.573270750045776, 16.507394218444823, 12.618806219100952, 21.93322534561157, 17.751622486114503, 22.828195142745972, 21.335667228698732, 25.470194816589355, 33.052469444274905, 34.19096622467041], 'cv_std_fit_time': [0.17330238442779947, 0.3134650866211104, 0.7942771510202902, 0.9096517896322948, 1.3470645238404044, 2.382297730334467, 2.6011540045044534, 2.772751842263859, 3.0053737887880145, 3.7798635505926654, 4.591676676644264, 5.659076444549393, 5.303985990981482, 6.10454392662553, 6.268004697965484, 6.370004381618062]}
{'percent': [1, 2, 4, 5, 7, 9, 10, 12, 13, 15, 17, 18, 20, 21, 23, 25], 'n_components': [64, 128, 256, 320, 448, 577, 641, 769, 833, 962, 1090, 1154, 1282, 1346, 1475, 1603], 'Score in test': [0.8328680154511033, 0.8427735495467932, 0.8431560026006808, 0.8436149462653459, 0.8409377748881325, 0.8439591540138448, 0.8430030213791257, 0.8450300225647301, 0.8440356446246223, 0.8418556622174628, 0.8443798523731212, 0.8436914368761235, 0.8436531915707347, 0.8432324932114583, 0.8416261903851302, 0.8436531915707347], 'Training Time': [0.9772894382476807, 1.2897422313690186, 3.3047590255737305, 3.2640883922576904, 6.111618518829346, 9.250879764556885, 9.261479616165161, 11.293586254119873, 13.55251669883728, 16.695546627044678, 18.824166774749756, 18.386772394180298, 20.393683195114136, 21.322824478149414, 24.285741329193115, 21.085257530212402], 'Best Parameters': [{'fourier_random_features__gamma': 0.0003850905910849588, 'svm__C': 6.30957344480193}, {'fourier_random_features__gamma': 5.5294116063016006e-05, 'svm__C': 100.0}, {'fourier_random_features__gamma': 5.5294116063016006e-05, 'svm__C': 100.0}, {'fourier_random_features__gamma': 5.5294116063016006e-05, 'svm__C': 100.0}, {'fourier_random_features__gamma': 0.0003850905910849588, 'svm__C': 100.0}, {'fourier_random_features__gamma': 5.5294116063016006e-05, 'svm__C': 100.0}, {'fourier_random_features__gamma': 5.5294116063016006e-05, 'svm__C': 100.0}, {'fourier_random_features__gamma': 5.5294116063016006e-05, 'svm__C': 100.0}, {'fourier_random_features__gamma': 5.5294116063016006e-05, 'svm__C': 100.0}, {'fourier_random_features__gamma': 0.0003850905910849588, 'svm__C': 100.0}, {'fourier_random_features__gamma': 7.939532520325204e-06, 'svm__C': 100.0}, {'fourier_random_features__gamma': 5.5294116063016006e-05, 'svm__C': 100.0}, {'fourier_random_features__gamma': 5.5294116063016006e-05, 'svm__C': 100.0}, {'fourier_random_features__gamma': 5.5294116063016006e-05, 'svm__C': 100.0}, {'fourier_random_features__gamma': 0.0003850905910849588, 'svm__C': 100.0}, {'fourier_random_features__gamma': 5.5294116063016006e-05, 'svm__C': 100.0}], 'Best Score in CV': [0.826784678557836, 0.8378534611376661, 0.842063805701098, 0.8398806910967007, 0.8422192039669116, 0.8406601143235128, 0.839569043400863, 0.842219447156686, 0.8417516716257115, 0.8417514284359371, 0.8409728563733353, 0.8409724915886738, 0.8405041080832634, 0.841595786980349, 0.8405050808423609, 0.8419076778659612], 'cv_mean_test_score': [0.826784678557836, 0.8378534611376661, 0.842063805701098, 0.8398806910967007, 0.8422192039669116, 0.8406601143235128, 0.839569043400863, 0.842219447156686, 0.8417516716257115, 0.8417514284359371, 0.8409728563733353, 0.8409724915886738, 0.8405041080832634, 0.841595786980349, 0.8405050808423609, 0.8419076778659612], 'cv_std_test_score': [0.00808622687866718, 0.007053018555395186, 0.008102353365515765, 0.008050387161704671, 0.01148538415021382, 0.007666414540920125, 0.00961274626734153, 0.009372791773434714, 0.00906263497016401, 0.010034026272129548, 0.004545050107946666, 0.008797403898896517, 0.010269553060190664, 0.008528987088714348, 0.010534321610452344, 0.010366671286567368], 'cv_mean_fit_time': [0.7978689670562744, 1.4330068588256837, 4.417931365966797, 5.723454856872559, 8.089738464355468, 11.569887351989745, 12.573270750045776, 16.507394218444823, 12.618806219100952, 21.93322534561157, 17.751622486114503, 22.828195142745972, 21.335667228698732, 25.470194816589355, 33.052469444274905, 34.19096622467041], 'cv_std_fit_time': [0.17330238442779947, 0.3134650866211104, 0.7942771510202902, 0.9096517896322948, 1.3470645238404044, 2.382297730334467, 2.6011540045044534, 2.772751842263859, 3.0053737887880145, 3.7798635505926654, 4.591676676644264, 5.659076444549393, 5.303985990981482, 6.10454392662553, 6.268004697965484, 6.370004381618062]}
