
    --------------------
    'Model: Random Fourier features and ridge classification 
    	Dataset: a5a (classification) of shape (6414, 123) 	CV: 5 	n_jobs: 5
    	 params: {'fourier_random_features__gamma': [7.939532520325204e-06, 8.982555655316915e-05, 0.0010162601626016261, 0.011497671238805652, 0.13008130081300814], 'ridge_classification__alpha': array([1.00000000e-04, 3.16227766e-03, 1.00000000e-01, 3.16227766e+00,
       1.00000000e+02])} 
    	 number of hyperparameter 25
    
        	 n components [64, 128, 256, 320, 448, 577, 641, 769, 833, 962, 1090, 1154, 1282, 1346, 1475, 1603]
        	 which correspond with the [1, 2, 4, 5, 7, 9, 10, 12, 13, 15, 17, 18, 20, 21, 23, 25] % of the data
        --------------------
        
{'percent': [1, 2, 4, 5, 7, 9, 10, 12, 13, 15, 17, 18, 20, 21, 23, 25], 'n_components': [64, 128, 256, 320, 448, 577, 641, 769, 833, 962, 1090, 1154, 1282, 1346, 1475, 1603], 'Mean Score in test': [0.836501319463036, 0.8425823230198494, 0.8414732091635752, 0.8426588136306269, 0.8438444180976785, 0.8437296821815122, 0.8443033617623437, 0.8438061727922898, 0.8449917772593414, 0.8443033617623437, 0.8442268711515661, 0.8442268711515661, 0.8440738899300111, 0.8442268711515661, 0.84441809767851, 0.8439591540138448], 'Std Score in test': [0.0, 0.0, 0.0, 0.0, 0.0, 0.0, 0.0, 0.0, 0.0, 0.0, 0.0, 0.0, 0.0, 0.0, 0.0, 0.0], 'Mean Training Time': [0.09430599212646484, 0.1233818531036377, 0.1871325969696045, 0.2375490665435791, 0.31490087509155273, 0.40589237213134766, 0.42368388175964355, 0.5366957187652588, 0.5602762699127197, 0.7755031585693359, 0.8831386566162109, 0.826195478439331, 0.8942320346832275, 0.9242193698883057, 0.9936482906341553, 1.2261526584625244], 'Std Training Time': [0.0, 0.0, 0.0, 0.0, 0.0, 0.0, 0.0, 0.0, 0.0, 0.0, 0.0, 0.0, 0.0, 0.0, 0.0, 0.0], 'Mean Best Score in CV': [0.8244458009029636, 0.8386341003133501, 0.8397254144257744, 0.8422193255617987, 0.8422196903464603, 0.8406613302723847, 0.841440145524761, 0.8409730995631095, 0.841128862613585, 0.8409729779682223, 0.8398819070455726, 0.8408172149177471, 0.842063805701098, 0.8401936763362974, 0.841440753499197, 0.8408166069433112], 'Std Best Score in CV': [0.0, 0.0, 0.0, 0.0, 0.0, 0.0, 0.0, 0.0, 0.0, 0.0, 0.0, 0.0, 0.0, 0.0, 0.0, 0.0], 'cv_mean_test_score': [0.8244458009029636, 0.8386341003133501, 0.8397254144257744, 0.8422193255617987, 0.8422196903464603, 0.8406613302723847, 0.841440145524761, 0.8409730995631095, 0.841128862613585, 0.8409729779682223, 0.8398819070455726, 0.8408172149177471, 0.842063805701098, 0.8401936763362974, 0.841440753499197, 0.8408166069433112], 'cv_std_test_score': [0.007770158813334221, 0.004884261134309224, 0.00474966167927027, 0.005908965885904232, 0.0038560202370345425, 0.002324290336413195, 0.0033503127416299973, 0.003221000721737958, 0.002667557170598588, 0.0034805129345146027, 0.0036913472642136095, 0.004213596422126505, 0.0035940340688398343, 0.003538864089162975, 0.003054278612169452, 0.0030730448624111113], 'cv_mean_fit_time': [0.05787200927734375, 0.09503931999206543, 0.14329895973205567, 0.1846477508544922, 0.3176423072814941, 0.48291192054748533, 0.5526430130004882, 0.6798559188842773, 0.7571184158325195, 0.8335622310638428, 0.988772201538086, 1.0662725448608399, 1.3136278152465821, 1.3474188804626466, 1.5998417377471923, 1.7802344799041747], 'cv_std_fit_time': [0.007332988172118642, 0.004743577980064886, 0.02293340053329325, 0.03312360508702923, 0.03373036874502419, 0.05860761642458693, 0.07731823162685424, 0.08948486482037331, 0.08950038522615578, 0.1187998579625508, 0.1480194956453682, 0.15281288801721965, 0.15565708550418436, 0.19735618083925394, 0.17723827885323995, 0.2755993761166237]}
{'percent': [1, 2, 4, 5, 7, 9, 10, 12, 13, 15, 17, 18, 20, 21, 23, 25], 'n_components': [64, 128, 256, 320, 448, 577, 641, 769, 833, 962, 1090, 1154, 1282, 1346, 1475, 1603], 'Score in test': [0.836501319463036, 0.8425823230198494, 0.8414732091635752, 0.8426588136306269, 0.8438444180976785, 0.8437296821815122, 0.8443033617623437, 0.8438061727922898, 0.8449917772593414, 0.8443033617623437, 0.8442268711515661, 0.8442268711515661, 0.8440738899300111, 0.8442268711515661, 0.84441809767851, 0.8439591540138448], 'Training Time': [0.09430599212646484, 0.1233818531036377, 0.1871325969696045, 0.2375490665435791, 0.31490087509155273, 0.40589237213134766, 0.42368388175964355, 0.5366957187652588, 0.5602762699127197, 0.7755031585693359, 0.8831386566162109, 0.826195478439331, 0.8942320346832275, 0.9242193698883057, 0.9936482906341553, 1.2261526584625244], 'Best Parameters': [{'fourier_random_features__gamma': 7.939532520325204e-06, 'ridge_classification__alpha': 0.0031622776601683794}, {'fourier_random_features__gamma': 7.939532520325204e-06, 'ridge_classification__alpha': 0.0001}, {'fourier_random_features__gamma': 8.982555655316915e-05, 'ridge_classification__alpha': 0.0031622776601683794}, {'fourier_random_features__gamma': 8.982555655316915e-05, 'ridge_classification__alpha': 0.0031622776601683794}, {'fourier_random_features__gamma': 7.939532520325204e-06, 'ridge_classification__alpha': 0.0001}, {'fourier_random_features__gamma': 7.939532520325204e-06, 'ridge_classification__alpha': 0.0001}, {'fourier_random_features__gamma': 7.939532520325204e-06, 'ridge_classification__alpha': 0.0001}, {'fourier_random_features__gamma': 7.939532520325204e-06, 'ridge_classification__alpha': 0.0001}, {'fourier_random_features__gamma': 7.939532520325204e-06, 'ridge_classification__alpha': 0.0001}, {'fourier_random_features__gamma': 7.939532520325204e-06, 'ridge_classification__alpha': 0.0031622776601683794}, {'fourier_random_features__gamma': 7.939532520325204e-06, 'ridge_classification__alpha': 0.0031622776601683794}, {'fourier_random_features__gamma': 7.939532520325204e-06, 'ridge_classification__alpha': 0.0031622776601683794}, {'fourier_random_features__gamma': 7.939532520325204e-06, 'ridge_classification__alpha': 0.0001}, {'fourier_random_features__gamma': 7.939532520325204e-06, 'ridge_classification__alpha': 0.0031622776601683794}, {'fourier_random_features__gamma': 7.939532520325204e-06, 'ridge_classification__alpha': 0.0001}, {'fourier_random_features__gamma': 8.982555655316915e-05, 'ridge_classification__alpha': 0.1}], 'Best Score in CV': [0.8244458009029636, 0.8386341003133501, 0.8397254144257744, 0.8422193255617987, 0.8422196903464603, 0.8406613302723847, 0.841440145524761, 0.8409730995631095, 0.841128862613585, 0.8409729779682223, 0.8398819070455726, 0.8408172149177471, 0.842063805701098, 0.8401936763362974, 0.841440753499197, 0.8408166069433112], 'cv_mean_test_score': [0.8244458009029636, 0.8386341003133501, 0.8397254144257744, 0.8422193255617987, 0.8422196903464603, 0.8406613302723847, 0.841440145524761, 0.8409730995631095, 0.841128862613585, 0.8409729779682223, 0.8398819070455726, 0.8408172149177471, 0.842063805701098, 0.8401936763362974, 0.841440753499197, 0.8408166069433112], 'cv_std_test_score': [0.007770158813334221, 0.004884261134309224, 0.00474966167927027, 0.005908965885904232, 0.0038560202370345425, 0.002324290336413195, 0.0033503127416299973, 0.003221000721737958, 0.002667557170598588, 0.0034805129345146027, 0.0036913472642136095, 0.004213596422126505, 0.0035940340688398343, 0.003538864089162975, 0.003054278612169452, 0.0030730448624111113], 'cv_mean_fit_time': [0.05787200927734375, 0.09503931999206543, 0.14329895973205567, 0.1846477508544922, 0.3176423072814941, 0.48291192054748533, 0.5526430130004882, 0.6798559188842773, 0.7571184158325195, 0.8335622310638428, 0.988772201538086, 1.0662725448608399, 1.3136278152465821, 1.3474188804626466, 1.5998417377471923, 1.7802344799041747], 'cv_std_fit_time': [0.007332988172118642, 0.004743577980064886, 0.02293340053329325, 0.03312360508702923, 0.03373036874502419, 0.05860761642458693, 0.07731823162685424, 0.08948486482037331, 0.08950038522615578, 0.1187998579625508, 0.1480194956453682, 0.15281288801721965, 0.15565708550418436, 0.19735618083925394, 0.17723827885323995, 0.2755993761166237]}
