
    --------------------
    'Model: Nystrom and ridge regression 
    	Dataset: CPU_SMALL (regression) of shape (8192, 12) 	CV: 5 	n_jobs: 5
    	 params: {'regressor__nystroem__gamma': array([8.13802083e-05, 9.20711955e-04, 1.04166667e-02, 1.17851130e-01,
       1.33333333e+00]), 'regressor__ridge_regression__alpha': array([1.00000000e-04, 3.16227766e-03, 1.00000000e-01, 3.16227766e+00,
       1.00000000e+02])} 
    	 number of hyperparameter 25
    
        	 n components [81, 163, 327, 409, 573, 737, 819, 983, 1064, 1228, 1392, 1474, 1638, 1720, 1884, 2048]
        	 which correspond with the [1, 2, 4, 5, 7, 9, 10, 12, 13, 15, 17, 18, 20, 21, 23, 25] % of the data
        --------------------
        
{'percent': [1, 2, 4, 5, 7, 9, 10, 12, 13, 15, 17, 18, 20, 21, 23, 25], 'n_components': [81, 163, 327, 409, 573, 737, 819, 983, 1064, 1228, 1392, 1474, 1638, 1720, 1884, 2048], 'Mean Score in test': [0.9610695119235438, 0.9653510521954947, 0.9688603995790228, 0.9702248126760584, 0.9713622447385725, 0.9716189122317467, 0.9713808837869281, 0.9697394461946479, 0.9713568096682159, 0.9717179051241096, 0.9720096473062045, 0.9722834433303202, 0.9723062396957824, 0.9723689965873378, 0.972277941966533, 0.9722844788548872], 'Std Score in test': [0.002825033449225553, 0.0029739006748628126, 0.0013868955731700953, 0.0033591413399210106, 0.0017449529633938345, 0.0025409619231988602, 0.0028382352079713894, 0.0025374453560888383, 0.002492550135495567, 0.0017663791004414455, 0.0024384006616455962, 0.0022745614455768103, 0.0023136864512547798, 0.0022442053724626753, 0.002067506663426725, 0.002078422755918834], 'Mean Training Time': [0.08292555809020996, 0.15342390537261963, 0.2818722724914551, 0.35244840383529663, 0.5438575744628906, 0.8059504628181458, 0.9317050576210022, 1.2828930616378784, 1.455466866493225, 1.8787415027618408, 2.485519289970398, 2.8315757513046265, 3.3097962737083435, 3.0230129957199097, 3.65903639793396, 5.955358803272247], 'Std Training Time': [0.030296811411680672, 0.035904939393949724, 0.05565810060289893, 0.07714706779312583, 0.07714364434552318, 0.034806465234165834, 0.04727119180634182, 0.16230528416791556, 0.04710841430375217, 0.1396920411951714, 0.08478607469918534, 0.16250741253823062, 0.43204239142346523, 0.2481668205054659, 0.27433049137226045, 0.7271032760898252], 'Mean Best Score in CV': [0.9604561227409162, 0.9626949030125347, 0.9685300452506088, 0.969266265671981, 0.969009071336272, 0.969356953153858, 0.970130455407641, 0.9700213270413476, 0.9704638642002781, 0.9705765196973579, 0.9704460391624623, 0.9702180947659672, 0.9703059614317311, 0.9707735616154796, 0.9708311083689427, 0.970940740634719], 'Std Best Score in CV': [0.0037534854505802593, 0.002455441317207684, 0.0016652544308310144, 0.0018580643398395796, 0.001192702600607135, 0.001058664587482476, 0.001472317041251462, 0.0011322309223433331, 0.0012173771856488899, 0.0011652683129914027, 0.0010117437704967051, 0.001169449266592273, 0.0008639313361959514, 0.0009314829859483297, 0.0012450092295826676, 0.0009432630107959138], 'cv_mean_test_score': [0.9604561227409162, 0.9626949030125347, 0.9685300452506088, 0.969266265671981, 0.969009071336272, 0.969356953153858, 0.970130455407641, 0.9700213270413476, 0.9704638642002781, 0.9705765196973579, 0.9704460391624623, 0.9702180947659672, 0.9703059614317311, 0.9707735616154796, 0.9708311083689427, 0.970940740634719], 'cv_std_test_score': [0.008050266670366995, 0.0032093356584454356, 0.0026438457268615975, 0.0031423158416150443, 0.0034903874114970614, 0.0025802032961397448, 0.0027403274505111903, 0.002326656060549111, 0.0026040721670737167, 0.002544977273890055, 0.002199711173297892, 0.00278280730394472, 0.00254190990908931, 0.002454770406874613, 0.002501894794155086, 0.002594062902172266], 'cv_mean_fit_time': [0.03627067804336548, 0.07766950130462646, 0.23234963417053223, 0.3311916589736939, 0.6026608943939209, 1.0443232655525208, 1.2691008687019347, 1.9059825539588926, 2.476785171031952, 3.2702447772026058, 5.251256299018859, 6.5423352241516115, 8.978105318546294, 10.10388399362564, 13.448979306221009, 16.646838331222533], 'cv_std_fit_time': [0.004264843619792848, 0.010741478710715905, 0.034059565061814026, 0.07130651701821128, 0.1437721353362518, 0.2536012416240653, 0.32544818197645126, 0.5029976900444608, 0.5473640437943842, 0.9149336359674594, 1.3410738107371292, 1.740054897173177, 1.925785834938335, 2.322352638245251, 3.092991894039166, 4.424107398712645]}
{'percent': [1, 1, 1, 1, 2, 2, 2, 2, 4, 4, 4, 4, 5, 5, 5, 5, 7, 7, 7, 7, 9, 9, 9, 9, 10, 10, 10, 10, 12, 12, 12, 12, 13, 13, 13, 13, 15, 15, 15, 15, 17, 17, 17, 17, 18, 18, 18, 18, 20, 20, 20, 20, 21, 21, 21, 21, 23, 23, 23, 23, 25, 25, 25, 25], 'n_components': [81, 81, 81, 81, 163, 163, 163, 163, 327, 327, 327, 327, 409, 409, 409, 409, 573, 573, 573, 573, 737, 737, 737, 737, 819, 819, 819, 819, 983, 983, 983, 983, 1064, 1064, 1064, 1064, 1228, 1228, 1228, 1228, 1392, 1392, 1392, 1392, 1474, 1474, 1474, 1474, 1638, 1638, 1638, 1638, 1720, 1720, 1720, 1720, 1884, 1884, 1884, 1884, 2048, 2048, 2048, 2048], 'Score in test': [0.9607984454360391, 0.9651021738038077, 0.957125631930408, 0.9612517965239203, 0.9629939962152283, 0.9684175852763576, 0.9681716344154121, 0.9618209928749807, 0.9702176008383114, 0.9696113726291645, 0.9665682166921871, 0.9690444081564283, 0.9665389046518826, 0.971989137822065, 0.9748318570276489, 0.9675393512026372, 0.97078342211785, 0.9724762777596828, 0.9733815712265912, 0.968807707850166, 0.9688166960046132, 0.9723660611031976, 0.9754126393087079, 0.9698802525104682, 0.9689858220492757, 0.9733857858942787, 0.9749218753557933, 0.9682300518483643, 0.968956182512666, 0.9732736155402795, 0.9662584150816514, 0.9704695716439949, 0.9690756941679485, 0.9729476858851263, 0.9746069796119202, 0.9687968790078687, 0.9698793914674493, 0.9735997428061273, 0.9733632758785249, 0.9700292103443368, 0.969430228188577, 0.9737876795635446, 0.9750225504335595, 0.9697981310391367, 0.9696377986527986, 0.973472356906274, 0.9753804092143068, 0.9706432085479016, 0.9695132200916957, 0.9735707649168079, 0.9753990540321397, 0.9707419197424862, 0.9696181451215161, 0.9737263027421124, 0.9752754505505828, 0.9708560879351396, 0.9697410381208313, 0.9735643364781308, 0.9749312198649746, 0.9708751734021959, 0.9696933027515853, 0.9737682856835133, 0.9748067105390387, 0.9708696164454116], 'Training Time': [0.07159781455993652, 0.10378694534301758, 0.11729073524475098, 0.039026737213134766, 0.12469768524169922, 0.21498751640319824, 0.13594746589660645, 0.1380629539489746, 0.3626236915588379, 0.20706462860107422, 0.26757216453552246, 0.29022860527038574, 0.3966994285583496, 0.2195601463317871, 0.4081897735595703, 0.3853442668914795, 0.4188835620880127, 0.6255481243133545, 0.5824697017669678, 0.5485289096832275, 0.7556900978088379, 0.7969059944152832, 0.8201186656951904, 0.8510870933532715, 0.981895923614502, 0.9408793449401855, 0.9498391151428223, 0.854205846786499, 1.0475523471832275, 1.498211145401001, 1.2515254020690918, 1.3342833518981934, 1.4639315605163574, 1.4803104400634766, 1.3770339488983154, 1.500591516494751, 1.7421491146087646, 1.7885663509368896, 2.1051621437072754, 1.8790884017944336, 2.591710090637207, 2.529919147491455, 2.364572525024414, 2.4558753967285156, 2.7467246055603027, 2.7834904193878174, 3.1069538593292236, 2.689134120941162, 3.771266222000122, 3.7104525566101074, 2.8510589599609375, 2.906407356262207, 3.1897640228271484, 2.758902072906494, 2.80332088470459, 3.3400650024414062, 3.9105401039123535, 3.955280303955078, 3.3846218585968018, 3.3857033252716064, 5.242868423461914, 6.408745050430298, 6.911937952041626, 5.257883787155151], 'Best Parameters': [{'regressor__nystroem__gamma': 0.0009207119546699839, 'regressor__ridge_regression__alpha': 0.0001}, {'regressor__nystroem__gamma': 0.0009207119546699839, 'regressor__ridge_regression__alpha': 0.0001}, {'regressor__nystroem__gamma': 0.0009207119546699839, 'regressor__ridge_regression__alpha': 0.0001}, {'regressor__nystroem__gamma': 0.0009207119546699839, 'regressor__ridge_regression__alpha': 0.0001}, {'regressor__nystroem__gamma': 0.010416666666666666, 'regressor__ridge_regression__alpha': 0.0001}, {'regressor__nystroem__gamma': 0.010416666666666666, 'regressor__ridge_regression__alpha': 0.0031622776601683794}, {'regressor__nystroem__gamma': 0.010416666666666666, 'regressor__ridge_regression__alpha': 0.0001}, {'regressor__nystroem__gamma': 0.010416666666666666, 'regressor__ridge_regression__alpha': 0.0001}, {'regressor__nystroem__gamma': 0.010416666666666666, 'regressor__ridge_regression__alpha': 0.0001}, {'regressor__nystroem__gamma': 0.010416666666666666, 'regressor__ridge_regression__alpha': 0.0001}, {'regressor__nystroem__gamma': 0.010416666666666666, 'regressor__ridge_regression__alpha': 0.0001}, {'regressor__nystroem__gamma': 0.010416666666666666, 'regressor__ridge_regression__alpha': 0.0031622776601683794}, {'regressor__nystroem__gamma': 0.010416666666666666, 'regressor__ridge_regression__alpha': 0.0031622776601683794}, {'regressor__nystroem__gamma': 0.010416666666666666, 'regressor__ridge_regression__alpha': 0.0031622776601683794}, {'regressor__nystroem__gamma': 0.010416666666666666, 'regressor__ridge_regression__alpha': 0.0001}, {'regressor__nystroem__gamma': 0.010416666666666666, 'regressor__ridge_regression__alpha': 0.0031622776601683794}, {'regressor__nystroem__gamma': 0.010416666666666666, 'regressor__ridge_regression__alpha': 0.0001}, {'regressor__nystroem__gamma': 0.010416666666666666, 'regressor__ridge_regression__alpha': 0.0031622776601683794}, {'regressor__nystroem__gamma': 0.010416666666666666, 'regressor__ridge_regression__alpha': 0.0031622776601683794}, {'regressor__nystroem__gamma': 0.010416666666666666, 'regressor__ridge_regression__alpha': 0.0001}, {'regressor__nystroem__gamma': 0.010416666666666666, 'regressor__ridge_regression__alpha': 0.0031622776601683794}, {'regressor__nystroem__gamma': 0.010416666666666666, 'regressor__ridge_regression__alpha': 0.0001}, {'regressor__nystroem__gamma': 0.010416666666666666, 'regressor__ridge_regression__alpha': 0.0031622776601683794}, {'regressor__nystroem__gamma': 0.010416666666666666, 'regressor__ridge_regression__alpha': 0.0031622776601683794}, {'regressor__nystroem__gamma': 0.010416666666666666, 'regressor__ridge_regression__alpha': 0.0031622776601683794}, {'regressor__nystroem__gamma': 0.010416666666666666, 'regressor__ridge_regression__alpha': 0.0031622776601683794}, {'regressor__nystroem__gamma': 0.010416666666666666, 'regressor__ridge_regression__alpha': 0.0031622776601683794}, {'regressor__nystroem__gamma': 0.010416666666666666, 'regressor__ridge_regression__alpha': 0.0001}, {'regressor__nystroem__gamma': 0.010416666666666666, 'regressor__ridge_regression__alpha': 0.0031622776601683794}, {'regressor__nystroem__gamma': 0.010416666666666666, 'regressor__ridge_regression__alpha': 0.0031622776601683794}, {'regressor__nystroem__gamma': 0.010416666666666666, 'regressor__ridge_regression__alpha': 0.0031622776601683794}, {'regressor__nystroem__gamma': 0.010416666666666666, 'regressor__ridge_regression__alpha': 0.0031622776601683794}, {'regressor__nystroem__gamma': 0.010416666666666666, 'regressor__ridge_regression__alpha': 0.0031622776601683794}, {'regressor__nystroem__gamma': 0.010416666666666666, 'regressor__ridge_regression__alpha': 0.0031622776601683794}, {'regressor__nystroem__gamma': 0.010416666666666666, 'regressor__ridge_regression__alpha': 0.0031622776601683794}, {'regressor__nystroem__gamma': 0.010416666666666666, 'regressor__ridge_regression__alpha': 0.0031622776601683794}, {'regressor__nystroem__gamma': 0.010416666666666666, 'regressor__ridge_regression__alpha': 0.0031622776601683794}, {'regressor__nystroem__gamma': 0.010416666666666666, 'regressor__ridge_regression__alpha': 0.0031622776601683794}, {'regressor__nystroem__gamma': 0.010416666666666666, 'regressor__ridge_regression__alpha': 0.0031622776601683794}, {'regressor__nystroem__gamma': 0.010416666666666666, 'regressor__ridge_regression__alpha': 0.0031622776601683794}, {'regressor__nystroem__gamma': 0.010416666666666666, 'regressor__ridge_regression__alpha': 0.0031622776601683794}, {'regressor__nystroem__gamma': 0.010416666666666666, 'regressor__ridge_regression__alpha': 0.0031622776601683794}, {'regressor__nystroem__gamma': 0.010416666666666666, 'regressor__ridge_regression__alpha': 0.0031622776601683794}, {'regressor__nystroem__gamma': 0.010416666666666666, 'regressor__ridge_regression__alpha': 0.0031622776601683794}, {'regressor__nystroem__gamma': 0.010416666666666666, 'regressor__ridge_regression__alpha': 0.0031622776601683794}, {'regressor__nystroem__gamma': 0.010416666666666666, 'regressor__ridge_regression__alpha': 0.0031622776601683794}, {'regressor__nystroem__gamma': 0.010416666666666666, 'regressor__ridge_regression__alpha': 0.0031622776601683794}, {'regressor__nystroem__gamma': 0.010416666666666666, 'regressor__ridge_regression__alpha': 0.0031622776601683794}, {'regressor__nystroem__gamma': 0.010416666666666666, 'regressor__ridge_regression__alpha': 0.0031622776601683794}, {'regressor__nystroem__gamma': 0.010416666666666666, 'regressor__ridge_regression__alpha': 0.0031622776601683794}, {'regressor__nystroem__gamma': 0.010416666666666666, 'regressor__ridge_regression__alpha': 0.0031622776601683794}, {'regressor__nystroem__gamma': 0.010416666666666666, 'regressor__ridge_regression__alpha': 0.0031622776601683794}, {'regressor__nystroem__gamma': 0.010416666666666666, 'regressor__ridge_regression__alpha': 0.0031622776601683794}, {'regressor__nystroem__gamma': 0.010416666666666666, 'regressor__ridge_regression__alpha': 0.0031622776601683794}, {'regressor__nystroem__gamma': 0.010416666666666666, 'regressor__ridge_regression__alpha': 0.0031622776601683794}, {'regressor__nystroem__gamma': 0.010416666666666666, 'regressor__ridge_regression__alpha': 0.0031622776601683794}, {'regressor__nystroem__gamma': 0.010416666666666666, 'regressor__ridge_regression__alpha': 0.0031622776601683794}, {'regressor__nystroem__gamma': 0.010416666666666666, 'regressor__ridge_regression__alpha': 0.0031622776601683794}, {'regressor__nystroem__gamma': 0.010416666666666666, 'regressor__ridge_regression__alpha': 0.0031622776601683794}, {'regressor__nystroem__gamma': 0.010416666666666666, 'regressor__ridge_regression__alpha': 0.0031622776601683794}, {'regressor__nystroem__gamma': 0.010416666666666666, 'regressor__ridge_regression__alpha': 0.0031622776601683794}, {'regressor__nystroem__gamma': 0.010416666666666666, 'regressor__ridge_regression__alpha': 0.0031622776601683794}, {'regressor__nystroem__gamma': 0.010416666666666666, 'regressor__ridge_regression__alpha': 0.0031622776601683794}, {'regressor__nystroem__gamma': 0.010416666666666666, 'regressor__ridge_regression__alpha': 0.0031622776601683794}], 'Best Score in CV': [0.9653285958894958, 0.9620622273884525, 0.9593438106008689, 0.9550898570848471, 0.966039050667794, 0.9613604855007953, 0.9595530696457008, 0.9638270062358487, 0.9704366022344514, 0.9674967760558364, 0.9663601430465834, 0.9698266596655643, 0.9716820879712665, 0.9690429449196418, 0.9665086884244062, 0.9698313413726097, 0.9696225978184865, 0.9695370873103257, 0.9669578638935352, 0.9699187363227406, 0.9697123606029289, 0.9693371367996434, 0.9677228586940426, 0.9706554565188167, 0.9717903663437916, 0.9697658582339356, 0.9679105842291259, 0.9710550128237108, 0.971622278061646, 0.9689205970984395, 0.9689876265887625, 0.9705548064165421, 0.9719606531177367, 0.9691021258111586, 0.9694412994023397, 0.9713513784698773, 0.9721368022483556, 0.9700379144905403, 0.9690204749548006, 0.9711108870957348, 0.9716069602723296, 0.9697590160438232, 0.9691692648001087, 0.9712489155335879, 0.9715196131640168, 0.9691023672824948, 0.9690039524003827, 0.9712464462169743, 0.9704826616948493, 0.9693420198353486, 0.9697735074329007, 0.9716256567638257, 0.9720469445396536, 0.9699925515472385, 0.9697797302518841, 0.971275020123142, 0.9725233215003998, 0.969686235202054, 0.9695889133332811, 0.9715259634400362, 0.9723110451027399, 0.9702051941712128, 0.9699382490019619, 0.9713084742629616], 'cv_mean_test_score': [0.9653285958894958, 0.9620622273884525, 0.9593438106008689, 0.9550898570848471, 0.966039050667794, 0.9613604855007953, 0.9595530696457008, 0.9638270062358487, 0.9704366022344514, 0.9674967760558364, 0.9663601430465834, 0.9698266596655643, 0.9716820879712665, 0.9690429449196418, 0.9665086884244062, 0.9698313413726097, 0.9696225978184865, 0.9695370873103257, 0.9669578638935352, 0.9699187363227406, 0.9697123606029289, 0.9693371367996434, 0.9677228586940426, 0.9706554565188167, 0.9717903663437916, 0.9697658582339356, 0.9679105842291259, 0.9710550128237108, 0.971622278061646, 0.9689205970984395, 0.9689876265887625, 0.9705548064165421, 0.9719606531177367, 0.9691021258111586, 0.9694412994023397, 0.9713513784698773, 0.9721368022483556, 0.9700379144905403, 0.9690204749548006, 0.9711108870957348, 0.9716069602723296, 0.9697590160438232, 0.9691692648001087, 0.9712489155335879, 0.9715196131640168, 0.9691023672824948, 0.9690039524003827, 0.9712464462169743, 0.9704826616948493, 0.9693420198353486, 0.9697735074329007, 0.9716256567638257, 0.9720469445396536, 0.9699925515472385, 0.9697797302518841, 0.971275020123142, 0.9725233215003998, 0.969686235202054, 0.9695889133332811, 0.9715259634400362, 0.9723110451027399, 0.9702051941712128, 0.9699382490019619, 0.9713084742629616], 'cv_std_test_score': [0.005035405840403808, 0.005599015598732292, 0.005401324483981769, 0.016165320758350112, 0.0053202067841679876, 0.002570319961064194, 0.0020549360352063637, 0.0028918798533431964, 0.002530041710080335, 0.003674744549583315, 0.002329413921748695, 0.0020411827260340444, 0.0033145447975697667, 0.003740353726850197, 0.0026127549645361555, 0.002901609877504059, 0.004616891865044269, 0.002826579683588228, 0.0024943482947919504, 0.004023729802563799, 0.0037941993369950727, 0.00256131904481855, 0.00235467696773952, 0.0016106178350058346, 0.0031566368888104363, 0.002729038117925573, 0.0023324808946688183, 0.0027431539006399336, 0.003033212522885309, 0.0020161134130055056, 0.002696676576499824, 0.0015606217298058053, 0.003263406946654282, 0.0020317736203164082, 0.002833962395791044, 0.002287145705533132, 0.0034752355888368826, 0.0024870111188944988, 0.002030157692373405, 0.0021875046954554353, 0.002454948388092582, 0.0020557397038394637, 0.0022881728047900785, 0.0019999837964694445, 0.0026353449504809617, 0.0031169568177630254, 0.0033640436706159752, 0.0020148837769189193, 0.003137631772707958, 0.002301079640689065, 0.002453411937775028, 0.0022755162851851893, 0.002834278921604997, 0.0024053413797721205, 0.0025751568612471408, 0.0020043044648741935, 0.003205817724341004, 0.002267480841008273, 0.002155787537546027, 0.0023784930737250393, 0.0031802302929488948, 0.0027105931975428452, 0.002431807211300013, 0.002053620906897312], 'cv_mean_fit_time': [0.032669353485107425, 0.03832716941833496, 0.035805273056030276, 0.038280916213989255, 0.07697868347167969, 0.08801231384277344, 0.08211512565612793, 0.0635718822479248, 0.23117728233337403, 0.21106271743774413, 0.2531153678894043, 0.23404316902160643, 0.34694547653198243, 0.3103142738342285, 0.35210766792297366, 0.3153992176055908, 0.5876699447631836, 0.5860428810119629, 0.5863815307617187, 0.6505492210388184, 1.0143954753875732, 1.132864809036255, 1.009887981414795, 1.02014479637146, 1.266482448577881, 1.262190580368042, 1.2711817741394043, 1.2765486717224122, 1.9013545989990235, 1.91876220703125, 1.9006515979766845, 1.9031618118286133, 2.5361494064331054, 2.555558681488037, 2.5311378955841066, 2.2842947006225587, 3.357316589355469, 3.203984022140503, 3.2555504322052, 3.264128065109253, 5.580013132095337, 4.734973478317261, 5.537533617019653, 5.152504968643188, 6.8199090480804445, 6.512381839752197, 5.977977132797241, 6.859072875976563, 9.159012746810912, 9.076277112960815, 8.569321632385254, 9.107809782028198, 8.892123174667358, 10.461181640625, 10.461946487426758, 10.600284671783447, 13.342737865447997, 13.605568265914917, 13.425076818466186, 13.422534275054932, 16.220226097106934, 16.243419647216797, 17.85684952735901, 16.266858053207397], 'cv_std_fit_time': [0.008211076542399665, 0.0019327616034544857, 0.005971563892627652, 0.0009439724406895885, 0.014166870229483873, 0.00024522259430657744, 0.014979751586353542, 0.013574070432719625, 0.040471901410763185, 0.0500027313357571, 0.004604397925866323, 0.0411592295748695, 0.06630634309553539, 0.07427246870803735, 0.06680838479018397, 0.07783887147908843, 0.1506685672628773, 0.15054380223084976, 0.15175217395834162, 0.12212399789293853, 0.26398694701160125, 0.22253781043812684, 0.25752741740426666, 0.27035279164226644, 0.3194813104222798, 0.3227362976520555, 0.3291961521768723, 0.3303789676545974, 0.5014734356488361, 0.517316453555107, 0.48832914888304857, 0.5048717220908516, 0.5183389089391688, 0.526617905610032, 0.517115803924051, 0.627383556704285, 0.9706724851699383, 0.8737273024652645, 0.9003521767886531, 0.9149825794459814, 1.3602764668529466, 1.495535889191384, 1.349019915294356, 1.1594629716098301, 1.7051217312113958, 1.521154475082706, 1.9748153396539838, 1.7591280427446223, 1.9009644368763599, 1.8754378839966248, 2.0541326210371933, 1.8726083978431618, 2.630297298485119, 2.2092448479007873, 2.2180750768827027, 2.231793329712394, 3.079051642242018, 3.0429426849994528, 3.1421156212512895, 3.1078576276639045, 4.6356603737268856, 4.591396523703593, 3.8627919206511887, 4.606580776768913]}
