
    --------------------
    'Model: Nystrom and SVC 
    	Dataset: covtype.binary (classification) of shape (581012, 54) 	CV: 5 	n_jobs: 5
    	 params: {'nystroem__gamma': array([4.62962963e-03, 1.48148148e-01, 4.74074074e+00, 1.51703704e+02,
       4.85451852e+03]), 'svm__C': array([1.00000000e-01, 5.62341325e+00, 3.16227766e+02, 1.77827941e+04,
       1.00000000e+06])} 
    	 number of hyperparameter 25
    
        	 n components [5, 10, 25, 50, 75, 100, 125, 150, 200, 300]
        	 which correspond with the [0.00122938 0.00245877 0.00614692 0.01229383 0.01844075 0.02458766
 0.03073458 0.0368815  0.04917533 0.07376299] % of the data
        --------------------
        
{'percent': [0.0012293832430146443, 0.0024587664860292887, 0.006146916215073222, 0.012293832430146444, 0.018440748645219666, 0.024587664860292888, 0.03073458107536611, 0.03688149729043933, 0.049175329720585775, 0.07376299458087866], 'n_components': [5, 10, 25, 50, 75, 100, 125, 150, 200, 300], 'Mean Score in test': [0.5941546818310122, 0.6265516030649969, 0.717002402704247, 0.7384804444658629, 0.745120582707414, 0.7621770290458718, 0.7684522866997584, 0.7743575003614382, 0.7829184250927692, 0.7930524670746903], 'Std Score in test': [0.014221745784728618, 0.027654255737149493, 0.014144676452821974, 0.01092140282460889, 0.01010009912643768, 0.0038964227429585407, 0.003907529557267508, 0.0017030183589038874, 0.002011495678922846, 0.0008857458926428579], 'Mean Training Time': [1.9231391549110413, 2.693806529045105, 13.56142508983612, 18.105931401252747, 67.20249330997467, 165.97975248098373, 223.51486212015152, 503.16838932037354, 697.2197192311287, 805.8440232872963], 'Std Training Time': [0.07586563807084923, 0.21204825676567068, 7.551270152510012, 1.4843487975610568, 70.71894612161682, 106.3031539343376, 82.6433835194704, 283.7845944630864, 247.30276630834615, 318.4382278029139], 'Mean Best Score in CV': [0.6016967130801343, 0.6324103334019314, 0.7139072430001626, 0.7459140307131111, 0.7566458750760992, 0.7640083232358494, 0.7698521482459482, 0.7765823586307097, 0.7836172123705168, 0.7926210407460388], 'Std Best Score in CV': [0.002836741995130421, 0.0028182279650628534, 0.00426708285194987, 0.003688999857537741, 0.001960625001563093, 0.0012419358879008772, 0.0005206345781852617, 0.0005634629357894237, 0.0011497424328077057, 0.0004513782830892879], 'cv_mean_test_score': [0.6016967130801343, 0.6324103334019314, 0.7139072430001626, 0.7459140307131111, 0.7566458750760992, 0.7640083232358494, 0.7698521482459482, 0.7765823586307097, 0.7836172123705168, 0.7926210407460388], 'cv_std_test_score': [0.01634061882159027, 0.016454812311030676, 0.009196922189324167, 0.0077612621620924225, 0.004128739941386166, 0.00235012503436923, 0.002389527050374233, 0.0026297177736483153, 0.0024325630575276727, 0.0022322551074450657], 'cv_mean_fit_time': [2.5469283580780027, 3.8760603308677677, 20.015087008476257, 44.16783200502396, 54.817996048927306, 196.8853430867195, 167.6829147696495, 332.41475170850754, 600.6876051783562, 1443.2928521156311], 'cv_std_fit_time': [0.3173103273912525, 0.5061816021219191, 9.638648957522472, 19.376737433761434, 22.757505260815527, 118.41022630745735, 87.20631389414176, 171.54423254879902, 299.31390005851256, 556.326717565259]}
{'percent': [0.0012293832430146443, 0.0012293832430146443, 0.0012293832430146443, 0.0012293832430146443, 0.0024587664860292887, 0.0024587664860292887, 0.0024587664860292887, 0.0024587664860292887, 0.006146916215073222, 0.006146916215073222, 0.006146916215073222, 0.006146916215073222, 0.012293832430146444, 0.012293832430146444, 0.012293832430146444, 0.012293832430146444, 0.018440748645219666, 0.018440748645219666, 0.018440748645219666, 0.018440748645219666, 0.024587664860292888, 0.024587664860292888, 0.024587664860292888, 0.024587664860292888, 0.03073458107536611, 0.03073458107536611, 0.03073458107536611, 0.03073458107536611, 0.03688149729043933, 0.03688149729043933, 0.03688149729043933, 0.03688149729043933, 0.049175329720585775, 0.049175329720585775, 0.049175329720585775, 0.049175329720585775, 0.07376299458087866, 0.07376299458087866, 0.07376299458087866, 0.07376299458087866], 'n_components': [5, 5, 5, 5, 10, 10, 10, 10, 25, 25, 25, 25, 50, 50, 50, 50, 75, 75, 75, 75, 100, 100, 100, 100, 125, 125, 125, 125, 150, 150, 150, 150, 200, 200, 200, 200, 300, 300, 300, 300], 'Score in test': [0.5932614128451736, 0.5830309873117939, 0.6176602204429512, 0.5826661067241297, 0.5833820988206784, 0.6231953901124245, 0.6569502867410656, 0.6426786365858193, 0.692660392556436, 0.7245358099316366, 0.7276131990389183, 0.7232002092899974, 0.7219885303573764, 0.7376990492451102, 0.7418573110366051, 0.7523768872243602, 0.7546212470654651, 0.7372928614211066, 0.732990024302424, 0.7555781980406601, 0.7556608125133388, 0.7652716295016282, 0.7626968117698085, 0.7650788623987113, 0.7626141972971299, 0.7732232724969536, 0.7676330265123612, 0.7703386504925888, 0.7730993507879356, 0.7735468458482785, 0.7772920352763798, 0.7734917695331593, 0.7837221950665391, 0.7796740859052825, 0.7851472947202467, 0.7831301246790083, 0.7919010278617309, 0.7928304406793664, 0.7930989377155722, 0.7943794620420921], 'Training Time': [2.03808856010437, 1.90822172164917, 1.9209942817687988, 1.8252520561218262, 2.3901405334472656, 2.9759395122528076, 2.6420671939849854, 2.7670788764953613, 7.691041946411133, 26.14921736717224, 12.713797807693481, 7.691643238067627, 17.939950942993164, 16.091150999069214, 20.27992081642151, 18.1127028465271, 27.526191234588623, 189.68481588363647, 26.054980039596558, 25.543986082077026, 95.47489285469055, 333.4959282875061, 178.56108164787292, 56.387107133865356, 266.69353342056274, 82.23837566375732, 254.06131839752197, 291.06622099876404, 860.4725847244263, 226.6902084350586, 702.2985820770264, 223.2121820449829, 422.7140648365021, 1098.7328732013702, 632.4885096549988, 634.9434292316437, 862.5082893371582, 1230.6409537792206, 795.3805596828461, 334.8462903499603], 'Best Parameters': [{'nystroem__gamma': 0.004629629629629629, 'svm__C': 0.1}, {'nystroem__gamma': 0.004629629629629629, 'svm__C': 316.22776601683796}, {'nystroem__gamma': 0.004629629629629629, 'svm__C': 17782.794100389227}, {'nystroem__gamma': 0.004629629629629629, 'svm__C': 0.1}, {'nystroem__gamma': 0.004629629629629629, 'svm__C': 316.22776601683796}, {'nystroem__gamma': 0.004629629629629629, 'svm__C': 0.1}, {'nystroem__gamma': 0.004629629629629629, 'svm__C': 1000000.0}, {'nystroem__gamma': 0.004629629629629629, 'svm__C': 17782.794100389227}, {'nystroem__gamma': 0.004629629629629629, 'svm__C': 316.22776601683796}, {'nystroem__gamma': 0.004629629629629629, 'svm__C': 0.1}, {'nystroem__gamma': 0.004629629629629629, 'svm__C': 5.623413251903491}, {'nystroem__gamma': 0.004629629629629629, 'svm__C': 316.22776601683796}, {'nystroem__gamma': 0.004629629629629629, 'svm__C': 1000000.0}, {'nystroem__gamma': 0.004629629629629629, 'svm__C': 5.623413251903491}, {'nystroem__gamma': 0.004629629629629629, 'svm__C': 0.1}, {'nystroem__gamma': 0.004629629629629629, 'svm__C': 0.1}, {'nystroem__gamma': 0.004629629629629629, 'svm__C': 5.623413251903491}, {'nystroem__gamma': 0.004629629629629629, 'svm__C': 5.623413251903491}, {'nystroem__gamma': 0.004629629629629629, 'svm__C': 0.1}, {'nystroem__gamma': 0.004629629629629629, 'svm__C': 5.623413251903491}, {'nystroem__gamma': 0.004629629629629629, 'svm__C': 17782.794100389227}, {'nystroem__gamma': 0.004629629629629629, 'svm__C': 1000000.0}, {'nystroem__gamma': 0.004629629629629629, 'svm__C': 17782.794100389227}, {'nystroem__gamma': 0.004629629629629629, 'svm__C': 17782.794100389227}, {'nystroem__gamma': 0.004629629629629629, 'svm__C': 5.623413251903491}, {'nystroem__gamma': 0.004629629629629629, 'svm__C': 5.623413251903491}, {'nystroem__gamma': 0.004629629629629629, 'svm__C': 316.22776601683796}, {'nystroem__gamma': 0.004629629629629629, 'svm__C': 316.22776601683796}, {'nystroem__gamma': 0.004629629629629629, 'svm__C': 17782.794100389227}, {'nystroem__gamma': 0.004629629629629629, 'svm__C': 316.22776601683796}, {'nystroem__gamma': 0.004629629629629629, 'svm__C': 316.22776601683796}, {'nystroem__gamma': 0.004629629629629629, 'svm__C': 1000000.0}, {'nystroem__gamma': 0.004629629629629629, 'svm__C': 5.623413251903491}, {'nystroem__gamma': 0.004629629629629629, 'svm__C': 1000000.0}, {'nystroem__gamma': 0.004629629629629629, 'svm__C': 1000000.0}, {'nystroem__gamma': 0.004629629629629629, 'svm__C': 5.623413251903491}, {'nystroem__gamma': 0.004629629629629629, 'svm__C': 17782.794100389227}, {'nystroem__gamma': 0.004629629629629629, 'svm__C': 1000000.0}, {'nystroem__gamma': 0.004629629629629629, 'svm__C': 17782.794100389227}, {'nystroem__gamma': 0.004629629629629629, 'svm__C': 316.22776601683796}], 'Best Score in CV': [0.6018808131215326, 0.6026611289077332, 0.5972131786445863, 0.6050317316466847, 0.6284138875616909, 0.636319572906826, 0.6329599504622909, 0.631947922676918, 0.7102550333850457, 0.7145555078056178, 0.7206323016440446, 0.7101861291659427, 0.7446983365614589, 0.7404505875070474, 0.749886970506636, 0.7486202282773025, 0.7546602649219174, 0.7549058120347146, 0.7593646947737607, 0.7576527285740038, 0.7643353473225444, 0.765411618311827, 0.7642825571275347, 0.7620037701814919, 0.7700977013623918, 0.7704396308048549, 0.7690283005985422, 0.7698429602180037, 0.7774641570878154, 0.7758990783406284, 0.776537028736635, 0.7764291703577595, 0.7831966828791593, 0.7823567718173465, 0.785484645556204, 0.7834307492293577, 0.7927248902558179, 0.7927684843390259, 0.7931081221001058, 0.7918826662892051], 'cv_mean_test_score': [0.6018808131215326, 0.6026611289077332, 0.5972131786445863, 0.6050317316466847, 0.6284138875616909, 0.636319572906826, 0.6329599504622909, 0.631947922676918, 0.7102550333850457, 0.7145555078056178, 0.7206323016440446, 0.7101861291659427, 0.7446983365614589, 0.7404505875070474, 0.749886970506636, 0.7486202282773025, 0.7546602649219174, 0.7549058120347146, 0.7593646947737607, 0.7576527285740038, 0.7643353473225444, 0.765411618311827, 0.7642825571275347, 0.7620037701814919, 0.7700977013623918, 0.7704396308048549, 0.7690283005985422, 0.7698429602180037, 0.7774641570878154, 0.7758990783406284, 0.776537028736635, 0.7764291703577595, 0.7831966828791593, 0.7823567718173465, 0.785484645556204, 0.7834307492293577, 0.7927248902558179, 0.7927684843390259, 0.7931081221001058, 0.7918826662892051], 'cv_std_test_score': [0.019243446549031918, 0.015462186606465296, 0.01760147760889967, 0.013055364521964194, 0.005403524925031234, 0.016544783719398763, 0.021822193495181913, 0.022048747104510796, 0.01857058422886551, 0.006893114996762115, 0.007925360685969147, 0.0033986288456998933, 0.00672960045187496, 0.009523702432422296, 0.005867215610388043, 0.008924530153684386, 0.006482700699295777, 0.005247271383282379, 0.001654399857357718, 0.003130587825608789, 0.003691981929153584, 0.0016615387302381995, 0.0028599680016892005, 0.001187011476395937, 0.002314333842106626, 0.003071632622366171, 0.0022536376237025546, 0.0019185041133215786, 0.002325449411112215, 0.004329766996135419, 0.0019065818425285227, 0.0019570728448171037, 0.0017691624460395097, 0.0027034246042361583, 0.004229936251353171, 0.001027728928481851, 0.002873601851732992, 0.0019062298867486907, 0.0024715569792753507, 0.0016776317120232298], 'cv_mean_fit_time': [2.680499458312988, 2.5332546710968016, 2.4461522579193113, 2.52780704498291, 3.356972599029541, 4.145364904403687, 4.106898069381714, 3.8950057506561278, 14.718091535568238, 11.674329996109009, 25.989919567108153, 27.67800693511963, 52.05974588394165, 69.37657089233399, 31.41628670692444, 23.81872453689575, 77.33391733169556, 45.21218156814575, 33.88041477203369, 62.84547052383423, 129.12382888793945, 171.364177942276, 170.98964929580688, 316.0637162208557, 151.9441839694977, 167.06882591247557, 159.29531378746032, 192.42333540916442, 210.71359705924988, 498.07717833518984, 307.0100558757782, 313.85817556381227, 454.86715416908265, 526.2773332118988, 1033.1264724731445, 388.4794608592987, 2166.6595533370973, 1414.4758741855621, 1072.4793219089509, 1119.5566590309143], 'cv_std_fit_time': [0.32859940601190296, 0.3221277928225822, 0.4301585326727779, 0.18835557805774691, 0.4469755798603158, 0.46556691284788543, 0.1320479202589976, 0.9801359955204775, 4.216446172141435, 2.8965128397605646, 22.21613216238262, 9.225504655805267, 21.3061594163421, 46.030948149286765, 6.580667560868902, 3.5891746085479626, 40.320653564666124, 17.084385962340473, 3.4569972388014985, 30.16798427745401, 56.73784588108203, 122.92140051779289, 140.36874820284513, 153.61291062810938, 62.896969105954554, 58.51945417402265, 139.303112017079, 88.1057202795108, 105.50903833827691, 318.8388399248631, 97.59556271332059, 164.23348921873554, 156.50295918045512, 210.51638747833562, 614.4649717010362, 215.77128187422323, 895.6234923199742, 494.22650382039967, 386.89849021751826, 448.5583839031438]}
