
    --------------------
    'Model: Nystrom and ridge regression 
    	Dataset: eunite2001 (regression) of shape (336, 16) 	CV: 5 	n_jobs: 5
    	 params: {'regressor__nystroem__gamma': array([6.10351562e-05, 6.90533966e-04, 7.81250000e-03, 8.83883476e-02,
       1.00000000e+00]), 'regressor__ridge_regression__alpha': array([1.00000000e-04, 3.16227766e-03, 1.00000000e-01, 3.16227766e+00,
       1.00000000e+02])} 
    	 number of hyperparameter 25
    
        	 n components [3, 6, 13, 16, 23, 30, 33, 40, 43, 50, 57, 60, 67, 70, 77, 84]
        	 which correspond with the [1, 2, 4, 5, 7, 9, 10, 12, 13, 15, 17, 18, 20, 21, 23, 25] % of the data
        --------------------
        
{'percent': [1, 2, 4, 5, 7, 9, 10, 12, 13, 15, 17, 18, 20, 21, 23, 25], 'n_components': [3, 6, 13, 16, 23, 30, 33, 40, 43, 50, 57, 60, 67, 70, 77, 84], 'Mean Score in test': [-0.0438857684615277, 0.5908975221430062, 0.564856216268584, 0.7818123319326686, 0.778843879709979, 0.7845430305346885, 0.7810346754952711, 0.7812574778275965, 0.7710020690898796, 0.7804207950312863, 0.7806730607700881, 0.780957951771061, 0.7808419990555275, 0.7817665176772112, 0.7830918554851449, 0.7803807839658868], 'Std Score in test': [0.0, 0.0, 0.0, 0.0, 0.0, 0.0, 0.0, 0.0, 0.0, 0.0, 0.0, 0.0, 0.0, 0.0, 0.0, 0.0], 'Mean Training Time': [0.004145622253417969, 0.005942106246948242, 0.0041425228118896484, 0.004182100296020508, 0.004471302032470703, 0.004990577697753906, 0.024602890014648438, 0.027614116668701172, 0.014362096786499023, 0.013219118118286133, 0.0149078369140625, 0.01439046859741211, 0.018591642379760742, 0.007837533950805664, 0.028736352920532227, 0.03054499626159668], 'Std Training Time': [0.0, 0.0, 0.0, 0.0, 0.0, 0.0, 0.0, 0.0, 0.0, 0.0, 0.0, 0.0, 0.0, 0.0, 0.0, 0.0], 'Mean Best Score in CV': [0.22527564153813312, 0.48907747014441316, 0.7708644832343117, 0.7893195821361754, 0.8052792268731629, 0.8022411830424604, 0.8125700825849982, 0.806762595654179, 0.8076278994214002, 0.8066436944391544, 0.807764585981233, 0.8070627128529153, 0.8132241353173733, 0.8095675979086021, 0.8077459363047378, 0.806970845090842], 'Std Best Score in CV': [0.0, 0.0, 0.0, 0.0, 0.0, 0.0, 0.0, 0.0, 0.0, 0.0, 0.0, 0.0, 0.0, 0.0, 0.0, 0.0], 'cv_mean_test_score': [0.22527564153813312, 0.48907747014441316, 0.7708644832343117, 0.7893195821361754, 0.8052792268731629, 0.8022411830424604, 0.8125700825849982, 0.806762595654179, 0.8076278994214002, 0.8066436944391544, 0.807764585981233, 0.8070627128529153, 0.8132241353173733, 0.8095675979086021, 0.8077459363047378, 0.806970845090842], 'cv_std_test_score': [0.163891274107097, 0.10445514640210964, 0.047294166859427667, 0.04910218340454992, 0.03802921758932856, 0.03913307496010573, 0.024277059945709292, 0.0385145021377867, 0.03871358653489219, 0.03653266001349819, 0.04016571474286983, 0.03656687310339163, 0.02544355583303815, 0.03383841464256037, 0.03552570962105818, 0.03605818959435923], 'cv_mean_fit_time': [0.009671926498413086, 0.0060230731964111325, 0.004691982269287109, 0.005371284484863281, 0.006754398345947266, 0.005825042724609375, 0.007301044464111328, 0.006954813003540039, 0.0069904327392578125, 0.011666154861450196, 0.0069710731506347655, 0.01020517349243164, 0.014671659469604493, 0.007434034347534179, 0.008281993865966796, 0.012085580825805664], 'cv_std_fit_time': [0.007192795638145212, 0.0009615213686089613, 0.00125109369698976, 0.001367589447966816, 0.0011064069649104028, 0.0014640264804797194, 0.00031587934932779827, 0.0015622432700273588, 0.0022419488117881173, 0.0050000797207223665, 0.0012563924424119329, 0.003014525408281484, 0.007234655576085946, 0.0016627793363897722, 0.0014497538000836493, 0.003535830568790504]}
{'percent': [1, 2, 4, 5, 7, 9, 10, 12, 13, 15, 17, 18, 20, 21, 23, 25], 'n_components': [3, 6, 13, 16, 23, 30, 33, 40, 43, 50, 57, 60, 67, 70, 77, 84], 'Score in test': [-0.0438857684615277, 0.5908975221430062, 0.564856216268584, 0.7818123319326686, 0.778843879709979, 0.7845430305346885, 0.7810346754952711, 0.7812574778275965, 0.7710020690898796, 0.7804207950312863, 0.7806730607700881, 0.780957951771061, 0.7808419990555275, 0.7817665176772112, 0.7830918554851449, 0.7803807839658868], 'Training Time': [0.004145622253417969, 0.005942106246948242, 0.0041425228118896484, 0.004182100296020508, 0.004471302032470703, 0.004990577697753906, 0.024602890014648438, 0.027614116668701172, 0.014362096786499023, 0.013219118118286133, 0.0149078369140625, 0.01439046859741211, 0.018591642379760742, 0.007837533950805664, 0.028736352920532227, 0.03054499626159668], 'Best Parameters': [{'regressor__nystroem__gamma': 6.103515625e-05, 'regressor__ridge_regression__alpha': 0.0001}, {'regressor__nystroem__gamma': 0.0078125, 'regressor__ridge_regression__alpha': 0.1}, {'regressor__nystroem__gamma': 0.0006905339660024879, 'regressor__ridge_regression__alpha': 0.0031622776601683794}, {'regressor__nystroem__gamma': 6.103515625e-05, 'regressor__ridge_regression__alpha': 0.0001}, {'regressor__nystroem__gamma': 0.0006905339660024879, 'regressor__ridge_regression__alpha': 0.0031622776601683794}, {'regressor__nystroem__gamma': 0.0006905339660024879, 'regressor__ridge_regression__alpha': 0.0031622776601683794}, {'regressor__nystroem__gamma': 6.103515625e-05, 'regressor__ridge_regression__alpha': 0.0001}, {'regressor__nystroem__gamma': 0.0006905339660024879, 'regressor__ridge_regression__alpha': 0.0031622776601683794}, {'regressor__nystroem__gamma': 0.0006905339660024879, 'regressor__ridge_regression__alpha': 0.0031622776601683794}, {'regressor__nystroem__gamma': 6.103515625e-05, 'regressor__ridge_regression__alpha': 0.0001}, {'regressor__nystroem__gamma': 0.0006905339660024879, 'regressor__ridge_regression__alpha': 0.0031622776601683794}, {'regressor__nystroem__gamma': 6.103515625e-05, 'regressor__ridge_regression__alpha': 0.0001}, {'regressor__nystroem__gamma': 6.103515625e-05, 'regressor__ridge_regression__alpha': 0.0001}, {'regressor__nystroem__gamma': 0.0006905339660024879, 'regressor__ridge_regression__alpha': 0.0031622776601683794}, {'regressor__nystroem__gamma': 0.0006905339660024879, 'regressor__ridge_regression__alpha': 0.0031622776601683794}, {'regressor__nystroem__gamma': 6.103515625e-05, 'regressor__ridge_regression__alpha': 0.0001}], 'Best Score in CV': [0.22527564153813312, 0.48907747014441316, 0.7708644832343117, 0.7893195821361754, 0.8052792268731629, 0.8022411830424604, 0.8125700825849982, 0.806762595654179, 0.8076278994214002, 0.8066436944391544, 0.807764585981233, 0.8070627128529153, 0.8132241353173733, 0.8095675979086021, 0.8077459363047378, 0.806970845090842], 'cv_mean_test_score': [0.22527564153813312, 0.48907747014441316, 0.7708644832343117, 0.7893195821361754, 0.8052792268731629, 0.8022411830424604, 0.8125700825849982, 0.806762595654179, 0.8076278994214002, 0.8066436944391544, 0.807764585981233, 0.8070627128529153, 0.8132241353173733, 0.8095675979086021, 0.8077459363047378, 0.806970845090842], 'cv_std_test_score': [0.163891274107097, 0.10445514640210964, 0.047294166859427667, 0.04910218340454992, 0.03802921758932856, 0.03913307496010573, 0.024277059945709292, 0.0385145021377867, 0.03871358653489219, 0.03653266001349819, 0.04016571474286983, 0.03656687310339163, 0.02544355583303815, 0.03383841464256037, 0.03552570962105818, 0.03605818959435923], 'cv_mean_fit_time': [0.009671926498413086, 0.0060230731964111325, 0.004691982269287109, 0.005371284484863281, 0.006754398345947266, 0.005825042724609375, 0.007301044464111328, 0.006954813003540039, 0.0069904327392578125, 0.011666154861450196, 0.0069710731506347655, 0.01020517349243164, 0.014671659469604493, 0.007434034347534179, 0.008281993865966796, 0.012085580825805664], 'cv_std_fit_time': [0.007192795638145212, 0.0009615213686089613, 0.00125109369698976, 0.001367589447966816, 0.0011064069649104028, 0.0014640264804797194, 0.00031587934932779827, 0.0015622432700273588, 0.0022419488117881173, 0.0050000797207223665, 0.0012563924424119329, 0.003014525408281484, 0.007234655576085946, 0.0016627793363897722, 0.0014497538000836493, 0.003535830568790504]}
