
    --------------------
    'Model: Nystrom and SVR 
    	Dataset: eunite2001 (regression) of shape (336, 16) 	CV: 5 	n_jobs: 5
    	 params: {'regressor__nystroem__gamma': array([6.10351562e-05, 6.90533966e-04, 7.81250000e-03, 8.83883476e-02,
       1.00000000e+00]), 'regressor__svm__C': array([1.00000000e-04, 3.16227766e-03, 1.00000000e-01, 3.16227766e+00,
       1.00000000e+02])} 
    	 number of hyperparameter 25
    
        	 n components [3, 6, 13, 16, 23, 30, 33, 40, 43, 50, 57, 60, 67, 70, 77, 84]
        	 which correspond with the [1, 2, 4, 5, 7, 9, 10, 12, 13, 15, 17, 18, 20, 21, 23, 25] % of the data
        --------------------
        
{'percent': [1, 2, 4, 5, 7, 9, 10, 12, 13, 15, 17, 18, 20, 21, 23, 25], 'n_components': [3, 6, 13, 16, 23, 30, 33, 40, 43, 50, 57, 60, 67, 70, 77, 84], 'Mean Score in test': [-0.11993473596592596, 0.5875139720317128, 0.6174239971652844, 0.7341802535117519, 0.7364701735827406, 0.7653479369376888, 0.7714856800953909, 0.7823254871363263, 0.7732353289375546, 0.7777339294995325, 0.7731857001661762, 0.7741910557159328, 0.7749008973033974, 0.7735920351542465, 0.7756305357317267, 0.7759064013363716], 'Std Score in test': [0.0, 0.0, 0.0, 0.0, 0.0, 0.0, 0.0, 0.0, 0.0, 0.0, 0.0, 0.0, 0.0, 0.0, 0.0, 0.0], 'Mean Training Time': [0.011418581008911133, 0.010550737380981445, 0.009180545806884766, 0.03782796859741211, 0.03979325294494629, 0.026518583297729492, 0.0183563232421875, 0.026036500930786133, 0.04295015335083008, 0.05957770347595215, 0.05680108070373535, 0.0361018180847168, 0.06212568283081055, 0.03878664970397949, 0.06256914138793945, 0.07385945320129395], 'Std Training Time': [0.0, 0.0, 0.0, 0.0, 0.0, 0.0, 0.0, 0.0, 0.0, 0.0, 0.0, 0.0, 0.0, 0.0, 0.0, 0.0], 'Mean Best Score in CV': [0.23242797262705178, 0.4923409186028274, 0.7193775836693125, 0.7760047117051116, 0.7964156358122215, 0.8114013830406078, 0.7963220901153305, 0.7971008402906161, 0.8035451158571414, 0.8030210551723485, 0.7986813559441736, 0.8004280541645663, 0.7989001525467376, 0.7988295728296915, 0.8005396307556435, 0.7998446518026714], 'Std Best Score in CV': [0.0, 0.0, 0.0, 0.0, 0.0, 0.0, 0.0, 0.0, 0.0, 0.0, 0.0, 0.0, 0.0, 0.0, 0.0, 0.0], 'cv_mean_test_score': [0.23242797262705178, 0.4923409186028274, 0.7193775836693125, 0.7760047117051116, 0.7964156358122215, 0.8114013830406078, 0.7963220901153305, 0.7971008402906161, 0.8035451158571414, 0.8030210551723485, 0.7986813559441736, 0.8004280541645663, 0.7989001525467376, 0.7988295728296915, 0.8005396307556435, 0.7998446518026714], 'cv_std_test_score': [0.1817095549480494, 0.09471048509007637, 0.07188577967727634, 0.08455413413308596, 0.04841420501805354, 0.024117255852554476, 0.03501027225827386, 0.03108490121665602, 0.025261217750928197, 0.03285799281368406, 0.03969724904180897, 0.039405195430718604, 0.03927690741042845, 0.03794883791157728, 0.036428334551501636, 0.03925599318452878], 'cv_mean_fit_time': [0.012449359893798828, 0.013136959075927735, 0.012123870849609374, 0.0243100643157959, 0.024735450744628906, 0.015536832809448241, 0.011365795135498047, 0.011041927337646484, 0.012240457534790038, 0.013274765014648438, 0.016943645477294923, 0.015198898315429688, 0.014666175842285157, 0.018425846099853517, 0.013928842544555665, 0.01341547966003418], 'cv_std_fit_time': [0.0032767589156376983, 0.0026149852644316574, 0.0007899447969839915, 0.0024982785908783385, 0.005158035174952485, 0.0017799504353115364, 0.0020218696083556917, 0.002594245403231005, 0.002723922482813121, 0.0021736372275434814, 0.0009188575006903457, 0.0031877030852101498, 0.003186421760120866, 0.00024049340573554823, 0.0020620811212981606, 0.001947931971837429]}
{'percent': [1, 2, 4, 5, 7, 9, 10, 12, 13, 15, 17, 18, 20, 21, 23, 25], 'n_components': [3, 6, 13, 16, 23, 30, 33, 40, 43, 50, 57, 60, 67, 70, 77, 84], 'Score in test': [-0.11993473596592596, 0.5875139720317128, 0.6174239971652844, 0.7341802535117519, 0.7364701735827406, 0.7653479369376888, 0.7714856800953909, 0.7823254871363263, 0.7732353289375546, 0.7777339294995325, 0.7731857001661762, 0.7741910557159328, 0.7749008973033974, 0.7735920351542465, 0.7756305357317267, 0.7759064013363716], 'Training Time': [0.011418581008911133, 0.010550737380981445, 0.009180545806884766, 0.03782796859741211, 0.03979325294494629, 0.026518583297729492, 0.0183563232421875, 0.026036500930786133, 0.04295015335083008, 0.05957770347595215, 0.05680108070373535, 0.0361018180847168, 0.06212568283081055, 0.03878664970397949, 0.06256914138793945, 0.07385945320129395], 'Best Parameters': [{'regressor__nystroem__gamma': 0.0078125, 'regressor__svm__C': 100.0}, {'regressor__nystroem__gamma': 0.0006905339660024879, 'regressor__svm__C': 100.0}, {'regressor__nystroem__gamma': 0.0078125, 'regressor__svm__C': 3.1622776601683795}, {'regressor__nystroem__gamma': 0.0078125, 'regressor__svm__C': 100.0}, {'regressor__nystroem__gamma': 0.0078125, 'regressor__svm__C': 100.0}, {'regressor__nystroem__gamma': 0.0006905339660024879, 'regressor__svm__C': 100.0}, {'regressor__nystroem__gamma': 0.0006905339660024879, 'regressor__svm__C': 100.0}, {'regressor__nystroem__gamma': 0.0078125, 'regressor__svm__C': 3.1622776601683795}, {'regressor__nystroem__gamma': 0.0078125, 'regressor__svm__C': 3.1622776601683795}, {'regressor__nystroem__gamma': 0.0078125, 'regressor__svm__C': 3.1622776601683795}, {'regressor__nystroem__gamma': 0.0006905339660024879, 'regressor__svm__C': 100.0}, {'regressor__nystroem__gamma': 0.0006905339660024879, 'regressor__svm__C': 100.0}, {'regressor__nystroem__gamma': 0.0006905339660024879, 'regressor__svm__C': 100.0}, {'regressor__nystroem__gamma': 0.0006905339660024879, 'regressor__svm__C': 100.0}, {'regressor__nystroem__gamma': 0.0006905339660024879, 'regressor__svm__C': 100.0}, {'regressor__nystroem__gamma': 0.0006905339660024879, 'regressor__svm__C': 100.0}], 'Best Score in CV': [0.23242797262705178, 0.4923409186028274, 0.7193775836693125, 0.7760047117051116, 0.7964156358122215, 0.8114013830406078, 0.7963220901153305, 0.7971008402906161, 0.8035451158571414, 0.8030210551723485, 0.7986813559441736, 0.8004280541645663, 0.7989001525467376, 0.7988295728296915, 0.8005396307556435, 0.7998446518026714], 'cv_mean_test_score': [0.23242797262705178, 0.4923409186028274, 0.7193775836693125, 0.7760047117051116, 0.7964156358122215, 0.8114013830406078, 0.7963220901153305, 0.7971008402906161, 0.8035451158571414, 0.8030210551723485, 0.7986813559441736, 0.8004280541645663, 0.7989001525467376, 0.7988295728296915, 0.8005396307556435, 0.7998446518026714], 'cv_std_test_score': [0.1817095549480494, 0.09471048509007637, 0.07188577967727634, 0.08455413413308596, 0.04841420501805354, 0.024117255852554476, 0.03501027225827386, 0.03108490121665602, 0.025261217750928197, 0.03285799281368406, 0.03969724904180897, 0.039405195430718604, 0.03927690741042845, 0.03794883791157728, 0.036428334551501636, 0.03925599318452878], 'cv_mean_fit_time': [0.012449359893798828, 0.013136959075927735, 0.012123870849609374, 0.0243100643157959, 0.024735450744628906, 0.015536832809448241, 0.011365795135498047, 0.011041927337646484, 0.012240457534790038, 0.013274765014648438, 0.016943645477294923, 0.015198898315429688, 0.014666175842285157, 0.018425846099853517, 0.013928842544555665, 0.01341547966003418], 'cv_std_fit_time': [0.0032767589156376983, 0.0026149852644316574, 0.0007899447969839915, 0.0024982785908783385, 0.005158035174952485, 0.0017799504353115364, 0.0020218696083556917, 0.002594245403231005, 0.002723922482813121, 0.0021736372275434814, 0.0009188575006903457, 0.0031877030852101498, 0.003186421760120866, 0.00024049340573554823, 0.0020620811212981606, 0.001947931971837429]}
