
    --------------------
    'Model: Random Fourier features and ridge regression 
    	Dataset: eunite2001 (regression) of shape (336, 16) 	CV: 5 	n_jobs: 3
    	 params: {'regressor__fourier_random_features__gamma': [6.103515625e-05, 0.0006905339660024879, 0.0078125, 0.08838834764831845, 1.0], 'regressor__ridge_regression__alpha': array([1.00000000e-04, 3.16227766e-03, 1.00000000e-01, 3.16227766e+00,
       1.00000000e+02])} 
    	 number of hyperparameter 25
    
        	 n components [3, 6, 13, 16, 23, 30, 33, 40, 43, 50, 57, 60, 67, 70, 77, 84]
        	 which correspond with the [1, 2, 4, 5, 7, 9, 10, 12, 13, 15, 17, 18, 20, 21, 23, 25] % of the data
        --------------------
        
{'percent': [1, 2, 4, 5, 7, 9, 10, 12, 13, 15, 17, 18, 20, 21, 23, 25], 'n_components': [3, 6, 13, 16, 23, 30, 33, 40, 43, 50, 57, 60, 67, 70, 77, 84], 'Mean Score in test': [0.37817823103468273, 0.4047120368018683, 0.7714487791326472, 0.762064767694472, 0.778842192521338, 0.7877057688267283, 0.7791914222598586, 0.7714352916252888, 0.7818205378737433, 0.7884531941135657, 0.7786084362599699, 0.7693441970332693, 0.7817371424675235, 0.7820008466275071, 0.7783064052439493, 0.7891653368986964], 'Std Score in test': [0.0, 0.0, 0.0, 0.0, 0.0, 0.0, 0.0, 0.0, 0.0, 0.0, 0.0, 0.0, 0.0, 0.0, 0.0, 0.0], 'Mean Training Time': [0.0012900829315185547, 0.0012328624725341797, 0.0012328624725341797, 0.001299142837524414, 0.0012478828430175781, 0.0013780593872070312, 0.0014450550079345703, 0.016315937042236328, 0.011831045150756836, 0.03369283676147461, 0.04871225357055664, 0.030794858932495117, 0.08492279052734375, 0.18144893646240234, 0.16559505462646484, 0.20868825912475586], 'Std Training Time': [0.0, 0.0, 0.0, 0.0, 0.0, 0.0, 0.0, 0.0, 0.0, 0.0, 0.0, 0.0, 0.0, 0.0, 0.0, 0.0], 'Mean Best Score in CV': [0.2653890940183693, 0.5177750272604544, 0.7298160838316349, 0.7930382942467773, 0.8059145772020738, 0.8047374602034333, 0.8064055236186876, 0.8072518904838011, 0.8088853053707161, 0.8066878055157135, 0.8108190699442364, 0.8109105092951683, 0.8079231640246587, 0.8105465538036247, 0.8082815158793231, 0.8121204759006379], 'Std Best Score in CV': [0.0, 0.0, 0.0, 0.0, 0.0, 0.0, 0.0, 0.0, 0.0, 0.0, 0.0, 0.0, 0.0, 0.0, 0.0, 0.0], 'cv_mean_test_score': [0.2653890940183693, 0.5177750272604544, 0.7298160838316349, 0.7930382942467773, 0.8059145772020738, 0.8047374602034333, 0.8064055236186876, 0.8072518904838011, 0.8088853053707161, 0.8066878055157135, 0.8108190699442364, 0.8109105092951683, 0.8079231640246587, 0.8105465538036247, 0.8082815158793231, 0.8121204759006379], 'cv_std_test_score': [0.11032510208072867, 0.29088898090904874, 0.0653126933764226, 0.05110729274818551, 0.03456537321480053, 0.0327693675855261, 0.04029451349577155, 0.03608845904567036, 0.037414013881585086, 0.03652801629736264, 0.036368518529847425, 0.032697794940647, 0.03619885003204002, 0.03317580965230757, 0.03950035995080263, 0.03702375327498491]}
{'percent': [1, 2, 4, 5, 7, 9, 10, 12, 13, 15, 17, 18, 20, 21, 23, 25], 'n_components': [3, 6, 13, 16, 23, 30, 33, 40, 43, 50, 57, 60, 67, 70, 77, 84], 'Score in test': [0.37817823103468273, 0.4047120368018683, 0.7714487791326472, 0.762064767694472, 0.778842192521338, 0.7877057688267283, 0.7791914222598586, 0.7714352916252888, 0.7818205378737433, 0.7884531941135657, 0.7786084362599699, 0.7693441970332693, 0.7817371424675235, 0.7820008466275071, 0.7783064052439493, 0.7891653368986964], 'Training Time': [0.0012900829315185547, 0.0012328624725341797, 0.0012328624725341797, 0.001299142837524414, 0.0012478828430175781, 0.0013780593872070312, 0.0014450550079345703, 0.016315937042236328, 0.011831045150756836, 0.03369283676147461, 0.04871225357055664, 0.030794858932495117, 0.08492279052734375, 0.18144893646240234, 0.16559505462646484, 0.20868825912475586], 'Best Parameters': [{'regressor__fourier_random_features__gamma': 0.0078125, 'regressor__ridge_regression__alpha': 0.0031622776601683794}, {'regressor__fourier_random_features__gamma': 6.103515625e-05, 'regressor__ridge_regression__alpha': 0.0001}, {'regressor__fourier_random_features__gamma': 0.0006905339660024879, 'regressor__ridge_regression__alpha': 0.0001}, {'regressor__fourier_random_features__gamma': 0.0006905339660024879, 'regressor__ridge_regression__alpha': 0.0001}, {'regressor__fourier_random_features__gamma': 6.103515625e-05, 'regressor__ridge_regression__alpha': 0.0001}, {'regressor__fourier_random_features__gamma': 6.103515625e-05, 'regressor__ridge_regression__alpha': 0.0001}, {'regressor__fourier_random_features__gamma': 6.103515625e-05, 'regressor__ridge_regression__alpha': 0.0001}, {'regressor__fourier_random_features__gamma': 0.0006905339660024879, 'regressor__ridge_regression__alpha': 0.0031622776601683794}, {'regressor__fourier_random_features__gamma': 6.103515625e-05, 'regressor__ridge_regression__alpha': 0.0001}, {'regressor__fourier_random_features__gamma': 0.0006905339660024879, 'regressor__ridge_regression__alpha': 0.0031622776601683794}, {'regressor__fourier_random_features__gamma': 0.0006905339660024879, 'regressor__ridge_regression__alpha': 0.0031622776601683794}, {'regressor__fourier_random_features__gamma': 0.0006905339660024879, 'regressor__ridge_regression__alpha': 0.0031622776601683794}, {'regressor__fourier_random_features__gamma': 6.103515625e-05, 'regressor__ridge_regression__alpha': 0.0001}, {'regressor__fourier_random_features__gamma': 0.0006905339660024879, 'regressor__ridge_regression__alpha': 0.0031622776601683794}, {'regressor__fourier_random_features__gamma': 0.0006905339660024879, 'regressor__ridge_regression__alpha': 0.0031622776601683794}, {'regressor__fourier_random_features__gamma': 0.0006905339660024879, 'regressor__ridge_regression__alpha': 0.0031622776601683794}], 'Best Score in CV': [0.2653890940183693, 0.5177750272604544, 0.7298160838316349, 0.7930382942467773, 0.8059145772020738, 0.8047374602034333, 0.8064055236186876, 0.8072518904838011, 0.8088853053707161, 0.8066878055157135, 0.8108190699442364, 0.8109105092951683, 0.8079231640246587, 0.8105465538036247, 0.8082815158793231, 0.8121204759006379], 'cv_mean_test_score': [0.2653890940183693, 0.5177750272604544, 0.7298160838316349, 0.7930382942467773, 0.8059145772020738, 0.8047374602034333, 0.8064055236186876, 0.8072518904838011, 0.8088853053707161, 0.8066878055157135, 0.8108190699442364, 0.8109105092951683, 0.8079231640246587, 0.8105465538036247, 0.8082815158793231, 0.8121204759006379], 'cv_std_test_score': [0.11032510208072867, 0.29088898090904874, 0.0653126933764226, 0.05110729274818551, 0.03456537321480053, 0.0327693675855261, 0.04029451349577155, 0.03608845904567036, 0.037414013881585086, 0.03652801629736264, 0.036368518529847425, 0.032697794940647, 0.03619885003204002, 0.03317580965230757, 0.03950035995080263, 0.03702375327498491]}
