
    --------------------
    'Model: Nystrom and ridge classification 
    	Dataset: a5a (classification) of shape (6414, 123) 	CV: 5 	n_jobs: 5
    	 params: {'nystroem__gamma': array([7.93953252e-06, 8.98255566e-05, 1.01626016e-03, 1.14976712e-02,
       1.30081301e-01]), 'ridge_classification__alpha': array([1.00000000e-04, 3.16227766e-03, 1.00000000e-01, 3.16227766e+00,
       1.00000000e+02])} 
    	 number of hyperparameter 25
    
        	 n components [1, 65, 129, 193, 257, 321, 385, 449, 514, 578, 642, 706, 770, 834, 898, 963, 1027, 1091, 1155, 1219, 1283]
        	 which correspond with the [0, 0, 1, 2, 2, 3, 4, 4, 5, 6, 6, 7, 8, 9, 9, 10, 11, 11, 12, 13, 13, 14, 15, 15, 16, 17, 17, 18, 19, 20] % of the data
        --------------------
        
{'percent': [0, 0, 1, 2, 2, 3, 4, 4, 5, 6, 6, 7, 8, 9, 9, 10, 11, 11, 12, 13, 13], 'n_components': [1, 65, 129, 193, 257, 321, 385, 449, 514, 578, 642, 706, 770, 834, 898, 963, 1027, 1091, 1155, 1219, 1283], 'Mean Score in test': [0.7601254446016752, 0.8435002103491797, 0.8454507209240065, 0.8450682678701189, 0.8446475695108425, 0.8443416070677324, 0.8450300225647301, 0.845718438061728, 0.8440356446246223, 0.8448770413431751, 0.8456037021455617, 0.8456037021455617, 0.8452977397024515, 0.8453359850078402, 0.8458331739778943, 0.8444945882892875, 0.8454507209240065, 0.8455654568401728, 0.8456037021455617, 0.8449152866485639, 0.8441121352353999], 'Std Score in test': [0.0, 0.0, 0.0, 0.0, 0.0, 0.0, 0.0, 0.0, 0.0, 0.0, 0.0, 0.0, 0.0, 0.0, 0.0, 0.0, 0.0, 0.0, 0.0, 0.0, 0.0], 'Mean Training Time': [0.007292270660400391, 0.023550987243652344, 0.07153511047363281, 0.06998586654663086, 0.08946490287780762, 0.12580180168151855, 0.15642094612121582, 0.18146014213562012, 0.21476292610168457, 0.2506520748138428, 0.2827930450439453, 0.33589696884155273, 0.40233612060546875, 0.4376401901245117, 0.5126891136169434, 0.5785348415374756, 0.713446855545044, 0.7342498302459717, 0.9072239398956299, 0.8746838569641113, 0.9681661128997803], 'Std Training Time': [0.0, 0.0, 0.0, 0.0, 0.0, 0.0, 0.0, 0.0, 0.0, 0.0, 0.0, 0.0, 0.0, 0.0, 0.0, 0.0, 0.0, 0.0, 0.0, 0.0, 0.0], 'Mean Best Score in CV': [0.7574054326163694, 0.8400380348807094, 0.8428444448767818, 0.8415968813343337, 0.8437801175336179, 0.8428442016870076, 0.8417530091694705, 0.8444034129252934, 0.8423761829662586, 0.8425320676116211, 0.8425318244218467, 0.8415968813343337, 0.8423761829662586, 0.8439349078249958, 0.8426881954467579, 0.8423766693458073, 0.8422202983208962, 0.8417524011950345, 0.8422201767260091, 0.8423765477509202, 0.8420644136755339], 'Std Best Score in CV': [0.0, 0.0, 0.0, 0.0, 0.0, 0.0, 0.0, 0.0, 0.0, 0.0, 0.0, 0.0, 0.0, 0.0, 0.0, 0.0, 0.0, 0.0, 0.0, 0.0, 0.0], 'cv_mean_test_score': [0.7574054326163694, 0.8400380348807094, 0.8428444448767818, 0.8415968813343337, 0.8437801175336179, 0.8428442016870076, 0.8417530091694705, 0.8444034129252934, 0.8423761829662586, 0.8425320676116211, 0.8425318244218467, 0.8415968813343337, 0.8423761829662586, 0.8439349078249958, 0.8426881954467579, 0.8423766693458073, 0.8422202983208962, 0.8417524011950345, 0.8422201767260091, 0.8423765477509202, 0.8420644136755339], 'cv_std_test_score': [0.004000599959686091, 0.006266456158078496, 0.004721868839128698, 0.004751555140092599, 0.005366033725686346, 0.0033087791199612085, 0.002884384548574613, 0.003266501892452536, 0.0027544287179163073, 0.0024075497305677844, 0.002839000321447106, 0.0029948728787493367, 0.0027099589176746443, 0.003509778367048915, 0.0031937338101207147, 0.004342734191117208, 0.003429119659572225, 0.0036561522965160033, 0.00285515417359831, 0.0031083596659097754, 0.003245957591648142], 'cv_mean_fit_time': [0.008484363555908203, 0.019111204147338866, 0.0372988224029541, 0.059814167022705075, 0.07879858016967774, 0.10868616104125976, 0.1510334014892578, 0.18044600486755372, 0.21831979751586914, 0.2584343433380127, 0.3392968654632568, 0.3961801052093506, 0.47391514778137206, 0.562115478515625, 0.678782606124878, 0.7282405853271484, 0.898249626159668, 1.028672170639038, 1.2147680282592774, 1.3829294204711915, 1.4888800144195558], 'cv_std_fit_time': [0.00012978934598413663, 0.0008480432081665246, 0.007026715469085755, 0.002405655794707526, 0.005307653803378846, 0.0038746423172692016, 0.017658381302843106, 0.019998897489333808, 0.01415385383894136, 0.019560294194385028, 0.0139688102885323, 0.03150068914545932, 0.10210844516321607, 0.12269341366275421, 0.13775540707811085, 0.06765280729619969, 0.2674039273125994, 0.16673229597524244, 0.1822660006333975, 0.22093267387295346, 0.0714396887885524]}
{'percent': [0, 0, 1, 2, 2, 3, 4, 4, 5, 6, 6, 7, 8, 9, 9, 10, 11, 11, 12, 13, 13], 'n_components': [1, 65, 129, 193, 257, 321, 385, 449, 514, 578, 642, 706, 770, 834, 898, 963, 1027, 1091, 1155, 1219, 1283], 'Score in test': [0.7601254446016752, 0.8435002103491797, 0.8454507209240065, 0.8450682678701189, 0.8446475695108425, 0.8443416070677324, 0.8450300225647301, 0.845718438061728, 0.8440356446246223, 0.8448770413431751, 0.8456037021455617, 0.8456037021455617, 0.8452977397024515, 0.8453359850078402, 0.8458331739778943, 0.8444945882892875, 0.8454507209240065, 0.8455654568401728, 0.8456037021455617, 0.8449152866485639, 0.8441121352353999], 'Training Time': [0.007292270660400391, 0.023550987243652344, 0.07153511047363281, 0.06998586654663086, 0.08946490287780762, 0.12580180168151855, 0.15642094612121582, 0.18146014213562012, 0.21476292610168457, 0.2506520748138428, 0.2827930450439453, 0.33589696884155273, 0.40233612060546875, 0.4376401901245117, 0.5126891136169434, 0.5785348415374756, 0.713446855545044, 0.7342498302459717, 0.9072239398956299, 0.8746838569641113, 0.9681661128997803], 'Best Parameters': [{'nystroem__gamma': 0.011497671238805652, 'ridge_classification__alpha': 0.0031622776601683794}, {'nystroem__gamma': 7.939532520325204e-06, 'ridge_classification__alpha': 0.0031622776601683794}, {'nystroem__gamma': 7.939532520325204e-06, 'ridge_classification__alpha': 0.0001}, {'nystroem__gamma': 7.939532520325204e-06, 'ridge_classification__alpha': 0.0031622776601683794}, {'nystroem__gamma': 7.939532520325204e-06, 'ridge_classification__alpha': 0.0031622776601683794}, {'nystroem__gamma': 7.939532520325204e-06, 'ridge_classification__alpha': 0.0031622776601683794}, {'nystroem__gamma': 7.939532520325204e-06, 'ridge_classification__alpha': 0.0001}, {'nystroem__gamma': 7.939532520325204e-06, 'ridge_classification__alpha': 0.0001}, {'nystroem__gamma': 8.982555655316915e-05, 'ridge_classification__alpha': 0.1}, {'nystroem__gamma': 7.939532520325204e-06, 'ridge_classification__alpha': 0.0001}, {'nystroem__gamma': 7.939532520325204e-06, 'ridge_classification__alpha': 0.0001}, {'nystroem__gamma': 7.939532520325204e-06, 'ridge_classification__alpha': 0.0001}, {'nystroem__gamma': 7.939532520325204e-06, 'ridge_classification__alpha': 0.0001}, {'nystroem__gamma': 7.939532520325204e-06, 'ridge_classification__alpha': 0.0001}, {'nystroem__gamma': 7.939532520325204e-06, 'ridge_classification__alpha': 0.0001}, {'nystroem__gamma': 7.939532520325204e-06, 'ridge_classification__alpha': 0.0031622776601683794}, {'nystroem__gamma': 7.939532520325204e-06, 'ridge_classification__alpha': 0.0001}, {'nystroem__gamma': 7.939532520325204e-06, 'ridge_classification__alpha': 0.0001}, {'nystroem__gamma': 7.939532520325204e-06, 'ridge_classification__alpha': 0.0001}, {'nystroem__gamma': 7.939532520325204e-06, 'ridge_classification__alpha': 0.0001}, {'nystroem__gamma': 7.939532520325204e-06, 'ridge_classification__alpha': 0.0031622776601683794}], 'Best Score in CV': [0.7574054326163694, 0.8400380348807094, 0.8428444448767818, 0.8415968813343337, 0.8437801175336179, 0.8428442016870076, 0.8417530091694705, 0.8444034129252934, 0.8423761829662586, 0.8425320676116211, 0.8425318244218467, 0.8415968813343337, 0.8423761829662586, 0.8439349078249958, 0.8426881954467579, 0.8423766693458073, 0.8422202983208962, 0.8417524011950345, 0.8422201767260091, 0.8423765477509202, 0.8420644136755339], 'cv_mean_test_score': [0.7574054326163694, 0.8400380348807094, 0.8428444448767818, 0.8415968813343337, 0.8437801175336179, 0.8428442016870076, 0.8417530091694705, 0.8444034129252934, 0.8423761829662586, 0.8425320676116211, 0.8425318244218467, 0.8415968813343337, 0.8423761829662586, 0.8439349078249958, 0.8426881954467579, 0.8423766693458073, 0.8422202983208962, 0.8417524011950345, 0.8422201767260091, 0.8423765477509202, 0.8420644136755339], 'cv_std_test_score': [0.004000599959686091, 0.006266456158078496, 0.004721868839128698, 0.004751555140092599, 0.005366033725686346, 0.0033087791199612085, 0.002884384548574613, 0.003266501892452536, 0.0027544287179163073, 0.0024075497305677844, 0.002839000321447106, 0.0029948728787493367, 0.0027099589176746443, 0.003509778367048915, 0.0031937338101207147, 0.004342734191117208, 0.003429119659572225, 0.0036561522965160033, 0.00285515417359831, 0.0031083596659097754, 0.003245957591648142], 'cv_mean_fit_time': [0.008484363555908203, 0.019111204147338866, 0.0372988224029541, 0.059814167022705075, 0.07879858016967774, 0.10868616104125976, 0.1510334014892578, 0.18044600486755372, 0.21831979751586914, 0.2584343433380127, 0.3392968654632568, 0.3961801052093506, 0.47391514778137206, 0.562115478515625, 0.678782606124878, 0.7282405853271484, 0.898249626159668, 1.028672170639038, 1.2147680282592774, 1.3829294204711915, 1.4888800144195558], 'cv_std_fit_time': [0.00012978934598413663, 0.0008480432081665246, 0.007026715469085755, 0.002405655794707526, 0.005307653803378846, 0.0038746423172692016, 0.017658381302843106, 0.019998897489333808, 0.01415385383894136, 0.019560294194385028, 0.0139688102885323, 0.03150068914545932, 0.10210844516321607, 0.12269341366275421, 0.13775540707811085, 0.06765280729619969, 0.2674039273125994, 0.16673229597524244, 0.1822660006333975, 0.22093267387295346, 0.0714396887885524]}
