
    --------------------
    'Model: Nystrom and SVR 
    	Dataset: CPU_SMALL (regression) of shape (8192, 12) 	CV: 5 	n_jobs: 5
    	 params: {'regressor__nystroem__gamma': array([8.13802083e-05, 9.20711955e-04, 1.04166667e-02, 1.17851130e-01,
       1.33333333e+00]), 'regressor__svm__C': array([1.00000000e-04, 3.16227766e-03, 1.00000000e-01, 3.16227766e+00,
       1.00000000e+02])} 
    	 number of hyperparameter 25
    
        	 n components [81, 163, 327, 409, 573, 737, 819, 983, 1064, 1228, 1392, 1474, 1638, 1720, 1884, 2048]
        	 which correspond with the [1, 2, 4, 5, 7, 9, 10, 12, 13, 15, 17, 18, 20, 21, 23, 25] % of the data
        --------------------
        
{'percent': [1, 2, 4, 5, 7, 9, 10, 12, 13, 15, 17, 18, 20, 21, 23, 25], 'n_components': [81, 163, 327, 409, 573, 737, 819, 983, 1064, 1228, 1392, 1474, 1638, 1720, 1884, 2048], 'Mean Score in test': [0.946958509990817, 0.9566289435119799, 0.9685536602675893, 0.9683111229638852, 0.969804156838459, 0.9709963675884525, 0.9716134278495159, 0.9715554896764669, 0.9718707954598524, 0.9719597264776203, 0.9722694251404063, 0.9721807496956691, 0.972003342258918, 0.9723537201460566, 0.9718722662838775, 0.972281790469454], 'Std Score in test': [0.004483998443110845, 0.006257554619383056, 0.002802842590315177, 0.002826677851609163, 0.0016841034484151025, 0.0024992041546212204, 0.0022827493250051956, 0.00241918235854635, 0.0024113128451940034, 0.0020598474684703203, 0.002806080548847631, 0.0026502819806020453, 0.002531337976555099, 0.0023969303468283636, 0.0023130276638528434, 0.0026376861726609448], 'Mean Training Time': [5.462518870830536, 6.187101662158966, 7.372735142707825, 8.888475596904755, 11.7227201461792, 14.689118325710297, 16.136779606342316, 18.80346667766571, 20.397098004817963, 22.693625807762146, 25.056358456611633, 26.63683784008026, 29.271085739135742, 28.577864170074463, 34.72633767127991, 39.57709616422653], 'Std Training Time': [0.0749205135326229, 0.08475552909571239, 0.20859349766294588, 0.1678529372877899, 0.18935291032307172, 0.2870098206540727, 0.13853845306470505, 0.13766340562133025, 0.20590976317890244, 0.46116686964904263, 0.3809515254255375, 0.5085562110264547, 0.8278049816368535, 0.4652640710263529, 0.8905695750282648, 1.0339228458012255], 'Mean Best Score in CV': [0.9473119151894683, 0.9590809612105275, 0.9668313614216675, 0.9687392649200897, 0.9682380150490512, 0.9693119389302116, 0.9697184162181802, 0.9692383207163987, 0.9701221953633425, 0.969770964324258, 0.9704820196400978, 0.9701439310260722, 0.9693782165941747, 0.9704152032056469, 0.9702610777074028, 0.9703805486698607], 'Std Best Score in CV': [0.002489052646905435, 0.002670756007982355, 0.001678925497087735, 0.0007924816430682689, 0.0013469042112358527, 0.001541779447435714, 0.0011200326461806918, 0.0015143993083176466, 0.0007183412826813599, 0.0007303667201454371, 0.0009112256561278435, 0.0009296916553756937, 0.0016805065334033987, 0.0008941118612578368, 0.000987989345162671, 0.0007772207693646597], 'cv_mean_test_score': [0.9473119151894683, 0.9590809612105275, 0.9668313614216675, 0.9687392649200897, 0.9682380150490512, 0.9693119389302116, 0.9697184162181802, 0.9692383207163987, 0.9701221953633425, 0.969770964324258, 0.9704820196400978, 0.9701439310260722, 0.9693782165941747, 0.9704152032056469, 0.9702610777074028, 0.9703805486698607], 'cv_std_test_score': [0.005527881072532578, 0.005181781499379529, 0.003510007120520565, 0.0029632007619487793, 0.0031709115726576095, 0.0023542078302020678, 0.0025299694917132196, 0.002583190096992702, 0.0022156710780638546, 0.0022409466700159027, 0.002576550623902754, 0.002189759327815051, 0.0038333531565742, 0.00258827363757234, 0.002319085427652033, 0.002505171394271937], 'cv_mean_fit_time': [5.6937222361564634, 6.848513305187225, 9.805012798309326, 11.285912108421325, 13.841022491455078, 16.92634128332138, 18.954935908317566, 20.495040082931517, 22.1260023355484, 26.209494554996493, 30.324611961841583, 32.36023621559143, 36.10130306482315, 37.1143518447876, 44.34716585874557, 53.66436805725098], 'cv_std_fit_time': [1.1265472220223351, 1.0095462393958154, 1.6619683915578054, 1.9945748337669134, 2.60823019327645, 3.458228825076262, 3.632470341332711, 5.408421796235783, 6.019129611291804, 6.699334836016351, 7.927976911340433, 8.551198247582715, 10.27229827384497, 9.93673779371627, 11.498810133371457, 12.096697309165492]}
{'percent': [1, 1, 1, 1, 2, 2, 2, 2, 4, 4, 4, 4, 5, 5, 5, 5, 7, 7, 7, 7, 9, 9, 9, 9, 10, 10, 10, 10, 12, 12, 12, 12, 13, 13, 13, 13, 15, 15, 15, 15, 17, 17, 17, 17, 18, 18, 18, 18, 20, 20, 20, 20, 21, 21, 21, 21, 23, 23, 23, 23, 25, 25, 25, 25], 'n_components': [81, 81, 81, 81, 163, 163, 163, 163, 327, 327, 327, 327, 409, 409, 409, 409, 573, 573, 573, 573, 737, 737, 737, 737, 819, 819, 819, 819, 983, 983, 983, 983, 1064, 1064, 1064, 1064, 1228, 1228, 1228, 1228, 1392, 1392, 1392, 1392, 1474, 1474, 1474, 1474, 1638, 1638, 1638, 1638, 1720, 1720, 1720, 1720, 1884, 1884, 1884, 1884, 2048, 2048, 2048, 2048], 'Score in test': [0.9515841379816081, 0.9475165241022834, 0.9491249491979834, 0.9396084286813927, 0.9578238489379431, 0.9636685236076317, 0.9465224981141216, 0.9585009033882231, 0.9653470341867971, 0.9710039850919668, 0.9716568033712112, 0.9662068184203816, 0.9665364508141501, 0.9723558078719251, 0.9693981668205855, 0.96495406634888, 0.96915362510609, 0.9721951514115912, 0.9702922636797503, 0.9675755871564045, 0.9685343007520852, 0.9718091511297346, 0.9747280375933096, 0.9689139808786805, 0.9688806737570662, 0.9728816839915653, 0.974658141119385, 0.9700332125300473, 0.9689193915651273, 0.9730716016365558, 0.9747169227300638, 0.9695140427741206, 0.9691327625115704, 0.9730658967375734, 0.9752056875169787, 0.9700788350732873, 0.9694475101101659, 0.9735237421895381, 0.9744042287831387, 0.9704634248276385, 0.9696670820122472, 0.9735870616932009, 0.9762406491714605, 0.9695829076847168, 0.9693160858792036, 0.9733994693039426, 0.9759234680107924, 0.9700839755887375, 0.9691704470678983, 0.9732647831705517, 0.9755074719803908, 0.9700706668168311, 0.9696174979653867, 0.973811720147742, 0.9754979757976308, 0.9704876866734666, 0.9690702229175735, 0.97310000616406, 0.9749834640593726, 0.9703353719945038, 0.9695908511834013, 0.9729574591657867, 0.9762978483724647, 0.970281003156163], 'Training Time': [5.410228967666626, 5.378262042999268, 5.571390151977539, 5.490194320678711, 6.04252552986145, 6.23311710357666, 6.215679168701172, 6.257084846496582, 7.563120603561401, 7.453425407409668, 7.454621315002441, 7.019773244857788, 8.901753187179565, 8.774929761886597, 9.156098365783691, 8.721121072769165, 11.69416093826294, 11.65268850326538, 12.029734373092651, 11.514296770095825, 14.301486015319824, 14.939438343048096, 14.526309251785278, 14.989239692687988, 16.12618088722229, 16.085591793060303, 16.35758113861084, 15.97776460647583, 18.574299335479736, 18.886826753616333, 18.822945594787598, 18.929795026779175, 20.41213846206665, 20.55870771408081, 20.561407804489136, 20.056138038635254, 22.551119089126587, 23.071319818496704, 23.150524139404297, 22.001540184020996, 24.624776124954224, 24.79350519180298, 25.608540534973145, 25.198611974716187, 25.76265239715576, 27.03012466430664, 26.879656076431274, 26.874918222427368, 28.48160481452942, 28.855258226394653, 30.654274225234985, 29.09320569038391, 28.155494928359985, 28.86206865310669, 29.193375825881958, 28.10051727294922, 34.4908983707428, 35.94389533996582, 34.99432396888733, 33.47623300552368, 38.55319833755493, 40.35840702056885, 40.835875511169434, 38.560903787612915], 'Best Parameters': [{'regressor__nystroem__gamma': 0.010416666666666666, 'regressor__svm__C': 100.0}, {'regressor__nystroem__gamma': 0.010416666666666666, 'regressor__svm__C': 100.0}, {'regressor__nystroem__gamma': 0.010416666666666666, 'regressor__svm__C': 100.0}, {'regressor__nystroem__gamma': 0.010416666666666666, 'regressor__svm__C': 100.0}, {'regressor__nystroem__gamma': 0.010416666666666666, 'regressor__svm__C': 100.0}, {'regressor__nystroem__gamma': 0.010416666666666666, 'regressor__svm__C': 100.0}, {'regressor__nystroem__gamma': 0.010416666666666666, 'regressor__svm__C': 100.0}, {'regressor__nystroem__gamma': 0.010416666666666666, 'regressor__svm__C': 100.0}, {'regressor__nystroem__gamma': 0.010416666666666666, 'regressor__svm__C': 100.0}, {'regressor__nystroem__gamma': 0.010416666666666666, 'regressor__svm__C': 100.0}, {'regressor__nystroem__gamma': 0.010416666666666666, 'regressor__svm__C': 100.0}, {'regressor__nystroem__gamma': 0.010416666666666666, 'regressor__svm__C': 100.0}, {'regressor__nystroem__gamma': 0.010416666666666666, 'regressor__svm__C': 100.0}, {'regressor__nystroem__gamma': 0.010416666666666666, 'regressor__svm__C': 100.0}, {'regressor__nystroem__gamma': 0.010416666666666666, 'regressor__svm__C': 100.0}, {'regressor__nystroem__gamma': 0.010416666666666666, 'regressor__svm__C': 100.0}, {'regressor__nystroem__gamma': 0.010416666666666666, 'regressor__svm__C': 100.0}, {'regressor__nystroem__gamma': 0.010416666666666666, 'regressor__svm__C': 100.0}, {'regressor__nystroem__gamma': 0.010416666666666666, 'regressor__svm__C': 100.0}, {'regressor__nystroem__gamma': 0.010416666666666666, 'regressor__svm__C': 100.0}, {'regressor__nystroem__gamma': 0.010416666666666666, 'regressor__svm__C': 100.0}, {'regressor__nystroem__gamma': 0.010416666666666666, 'regressor__svm__C': 100.0}, {'regressor__nystroem__gamma': 0.010416666666666666, 'regressor__svm__C': 100.0}, {'regressor__nystroem__gamma': 0.010416666666666666, 'regressor__svm__C': 100.0}, {'regressor__nystroem__gamma': 0.010416666666666666, 'regressor__svm__C': 100.0}, {'regressor__nystroem__gamma': 0.010416666666666666, 'regressor__svm__C': 100.0}, {'regressor__nystroem__gamma': 0.010416666666666666, 'regressor__svm__C': 100.0}, {'regressor__nystroem__gamma': 0.010416666666666666, 'regressor__svm__C': 100.0}, {'regressor__nystroem__gamma': 0.010416666666666666, 'regressor__svm__C': 100.0}, {'regressor__nystroem__gamma': 0.010416666666666666, 'regressor__svm__C': 100.0}, {'regressor__nystroem__gamma': 0.010416666666666666, 'regressor__svm__C': 100.0}, {'regressor__nystroem__gamma': 0.010416666666666666, 'regressor__svm__C': 100.0}, {'regressor__nystroem__gamma': 0.010416666666666666, 'regressor__svm__C': 100.0}, {'regressor__nystroem__gamma': 0.010416666666666666, 'regressor__svm__C': 100.0}, {'regressor__nystroem__gamma': 0.010416666666666666, 'regressor__svm__C': 100.0}, {'regressor__nystroem__gamma': 0.010416666666666666, 'regressor__svm__C': 100.0}, {'regressor__nystroem__gamma': 0.010416666666666666, 'regressor__svm__C': 100.0}, {'regressor__nystroem__gamma': 0.010416666666666666, 'regressor__svm__C': 100.0}, {'regressor__nystroem__gamma': 0.010416666666666666, 'regressor__svm__C': 100.0}, {'regressor__nystroem__gamma': 0.010416666666666666, 'regressor__svm__C': 100.0}, {'regressor__nystroem__gamma': 0.010416666666666666, 'regressor__svm__C': 100.0}, {'regressor__nystroem__gamma': 0.010416666666666666, 'regressor__svm__C': 100.0}, {'regressor__nystroem__gamma': 0.010416666666666666, 'regressor__svm__C': 100.0}, {'regressor__nystroem__gamma': 0.010416666666666666, 'regressor__svm__C': 100.0}, {'regressor__nystroem__gamma': 0.010416666666666666, 'regressor__svm__C': 100.0}, {'regressor__nystroem__gamma': 0.010416666666666666, 'regressor__svm__C': 100.0}, {'regressor__nystroem__gamma': 0.010416666666666666, 'regressor__svm__C': 100.0}, {'regressor__nystroem__gamma': 0.010416666666666666, 'regressor__svm__C': 100.0}, {'regressor__nystroem__gamma': 0.010416666666666666, 'regressor__svm__C': 100.0}, {'regressor__nystroem__gamma': 0.010416666666666666, 'regressor__svm__C': 100.0}, {'regressor__nystroem__gamma': 0.010416666666666666, 'regressor__svm__C': 100.0}, {'regressor__nystroem__gamma': 0.010416666666666666, 'regressor__svm__C': 100.0}, {'regressor__nystroem__gamma': 0.010416666666666666, 'regressor__svm__C': 100.0}, {'regressor__nystroem__gamma': 0.010416666666666666, 'regressor__svm__C': 100.0}, {'regressor__nystroem__gamma': 0.010416666666666666, 'regressor__svm__C': 100.0}, {'regressor__nystroem__gamma': 0.010416666666666666, 'regressor__svm__C': 100.0}, {'regressor__nystroem__gamma': 0.010416666666666666, 'regressor__svm__C': 100.0}, {'regressor__nystroem__gamma': 0.010416666666666666, 'regressor__svm__C': 100.0}, {'regressor__nystroem__gamma': 0.010416666666666666, 'regressor__svm__C': 100.0}, {'regressor__nystroem__gamma': 0.010416666666666666, 'regressor__svm__C': 100.0}, {'regressor__nystroem__gamma': 0.010416666666666666, 'regressor__svm__C': 100.0}, {'regressor__nystroem__gamma': 0.010416666666666666, 'regressor__svm__C': 100.0}, {'regressor__nystroem__gamma': 0.010416666666666666, 'regressor__svm__C': 100.0}, {'regressor__nystroem__gamma': 0.010416666666666666, 'regressor__svm__C': 100.0}], 'Best Score in CV': [0.9482545092771378, 0.9457562891304967, 0.9443561335056933, 0.9508807288445457, 0.9618086558061621, 0.9583449951160331, 0.9550382711111215, 0.9611319228087931, 0.9696736593560612, 0.9661445759659208, 0.9653054341958892, 0.9662017761687987, 0.9699576165925695, 0.9682671444415618, 0.9678531193157518, 0.9688791793304754, 0.9703505627073724, 0.9680803915857876, 0.966605558009588, 0.967915547893457, 0.9708995698067058, 0.9690356533052735, 0.9669167812186673, 0.9703957513901997, 0.9711212481159048, 0.9686374288242682, 0.9686010344813362, 0.9705139534512115, 0.9718294410373087, 0.9686315995646533, 0.9679984459862798, 0.968493796277353, 0.9711906847610215, 0.9698054348543877, 0.9692269554191923, 0.9702657064187683, 0.9708139604620623, 0.9692334059376849, 0.9689573539435589, 0.9700791369537256, 0.9715278717655925, 0.9697526109250797, 0.9694167651825347, 0.971230830687184, 0.9715850852510288, 0.969374861900086, 0.9692772924506331, 0.9703384845025413, 0.9716584317744532, 0.9692692918956796, 0.969657839055748, 0.9669273036508177, 0.9715579915575944, 0.9695665799325386, 0.9695170045440612, 0.9710192367883934, 0.9715261702347213, 0.9698286522757968, 0.9689039004738309, 0.9707855878452621, 0.9712734071960835, 0.9695067078605597, 0.9697170850909871, 0.9710249945318126], 'cv_mean_test_score': [0.9482545092771378, 0.9457562891304967, 0.9443561335056933, 0.9508807288445457, 0.9618086558061621, 0.9583449951160331, 0.9550382711111215, 0.9611319228087931, 0.9696736593560612, 0.9661445759659208, 0.9653054341958892, 0.9662017761687987, 0.9699576165925695, 0.9682671444415618, 0.9678531193157518, 0.9688791793304754, 0.9703505627073724, 0.9680803915857876, 0.966605558009588, 0.967915547893457, 0.9708995698067058, 0.9690356533052735, 0.9669167812186673, 0.9703957513901997, 0.9711212481159048, 0.9686374288242682, 0.9686010344813362, 0.9705139534512115, 0.9718294410373087, 0.9686315995646533, 0.9679984459862798, 0.968493796277353, 0.9711906847610215, 0.9698054348543877, 0.9692269554191923, 0.9702657064187683, 0.9708139604620623, 0.9692334059376849, 0.9689573539435589, 0.9700791369537256, 0.9715278717655925, 0.9697526109250797, 0.9694167651825347, 0.971230830687184, 0.9715850852510288, 0.969374861900086, 0.9692772924506331, 0.9703384845025413, 0.9716584317744532, 0.9692692918956796, 0.969657839055748, 0.9669273036508177, 0.9715579915575944, 0.9695665799325386, 0.9695170045440612, 0.9710192367883934, 0.9715261702347213, 0.9698286522757968, 0.9689039004738309, 0.9707855878452621, 0.9712734071960835, 0.9695067078605597, 0.9697170850909871, 0.9710249945318126], 'cv_std_test_score': [0.005384473246122429, 0.004306034082002254, 0.006231551955780514, 0.006189465006225117, 0.00509998990640677, 0.00787047912546359, 0.005242191238843291, 0.0025144657268044643, 0.003575137130503383, 0.003950042214963364, 0.003408011648579372, 0.0031068374880361418, 0.0031845671539529052, 0.0034031974392689708, 0.002986429797983045, 0.002278608656590197, 0.0033776421439882394, 0.0029399197932405614, 0.0019344298288559712, 0.004431654524545666, 0.0030142807975362803, 0.002299189498837714, 0.0020564067743438007, 0.002046954250090476, 0.003495941868223875, 0.0015887884100938203, 0.0025413696494158253, 0.002493778039119357, 0.0035368126519336844, 0.0015274245409268713, 0.0019795063512028314, 0.003289016843907422, 0.0030674529467737428, 0.0020768584103597197, 0.0024404292111757406, 0.0012779437439462164, 0.0029564104658801674, 0.00195927064339128, 0.002595930900257209, 0.0014521746705349545, 0.0034900047950319835, 0.0022918628423824416, 0.0024499545179907916, 0.0020743803402058, 0.003548428683339912, 0.0022233807964575384, 0.0016382660488530672, 0.001348961782609686, 0.003447055180568442, 0.002346362103069652, 0.0026462562265556896, 0.006893739116103015, 0.0037255788085777887, 0.002421528473678559, 0.002249946677142843, 0.0019560405908901693, 0.003566648513799856, 0.0024148902638166598, 0.0015333518019761368, 0.0017614511310154784, 0.00348551712097681, 0.002334264690781143, 0.0022500404559426183, 0.0019508633093871755], 'cv_mean_fit_time': [5.583694982528686, 5.511969089508057, 5.900742721557617, 5.778482151031494, 6.670681571960449, 6.692417812347412, 7.212864112854004, 6.818089723587036, 9.529231882095337, 9.888592767715455, 10.064789485931396, 9.737437057495118, 11.156698989868165, 11.245741033554078, 11.544718647003174, 11.196489763259887, 13.663214921951294, 14.140295171737671, 14.647388029098511, 12.913191843032838, 17.03577513694763, 17.445946979522706, 16.17593660354614, 17.047706413269044, 18.75503625869751, 19.015796756744386, 19.431165075302125, 18.617745542526244, 20.23117127418518, 20.443277740478514, 20.988714456558228, 20.31699686050415, 21.72629060745239, 22.476999473571777, 22.505008602142333, 21.7957106590271, 25.376053619384766, 25.541562509536742, 28.744027757644652, 25.1763343334198, 29.24562611579895, 32.447771310806274, 30.324850034713744, 29.280200386047362, 34.30611615180969, 31.632976818084718, 32.29793801307678, 31.20391387939453, 35.44579038619995, 36.39796628952026, 36.67489380836487, 35.88656177520752, 39.3527232170105, 36.44906644821167, 36.74097943305969, 35.91463828086853, 44.76208438873291, 44.46511511802673, 44.7133572101593, 43.44810671806336, 50.35299983024597, 56.46634283065796, 56.98283672332764, 50.855292844772336], 'cv_std_fit_time': [1.082325853827703, 1.0481286877268587, 1.1792062827832221, 1.196528063751557, 1.1762037860270487, 0.19424673625385594, 1.3429472299010516, 1.3247872054013052, 1.587546343559581, 1.7926063061078632, 1.6185920556455182, 1.6491288609182593, 2.009516649533018, 2.0269975510689995, 1.9699368004149662, 1.9718483340506705, 2.3590843381396236, 2.421368670126668, 2.635558981910271, 3.016908782929235, 3.2598986131931933, 3.351615385786002, 4.065786841786217, 3.155614459539637, 3.657465131242782, 3.636885008173634, 3.708522930080894, 3.5270082958335336, 5.462975125807838, 5.213810474637557, 5.535605149441686, 5.421296435056051, 5.844390005305175, 6.24311831767477, 6.073548348593201, 5.915461773594072, 7.193166485351811, 6.950750232597114, 5.771315786341408, 6.882106839775068, 8.266414400756714, 6.615566452964802, 8.579600010115534, 8.25032678152468, 6.880528069929668, 9.140790017623445, 9.26050776997077, 8.922967132806976, 10.161394419333035, 10.337001254977679, 10.254290944442486, 10.336506476626685, 8.20326075005269, 10.599726120043982, 10.559217420503463, 10.384746884264942, 9.094010292502459, 12.1329127884792, 12.475434738317515, 12.292882714186655, 13.844778533002874, 10.00219119085203, 10.962804202290002, 13.57701531051706]}
