
    --------------------
    'Model: Nystrom and SVR 
    	Dataset: abalone (regression) of shape (4177, 8) 	CV: 5 	n_jobs: 5
    	 params: {'regressor__nystroem__gamma': array([1.22070312e-04, 1.38106793e-03, 1.56250000e-02, 1.76776695e-01,
       2.00000000e+00]), 'regressor__svm__C': array([1.00000000e-04, 3.16227766e-03, 1.00000000e-01, 3.16227766e+00,
       1.00000000e+02])} 
    	 number of hyperparameter 25
    
        	 n components [41, 83, 167, 208, 292, 375, 417, 501, 543, 626, 710, 751, 835, 877, 960, 1044]
        	 which correspond with the [1, 2, 4, 5, 7, 9, 10, 12, 13, 15, 17, 18, 20, 21, 23, 25] % of the data
        --------------------
        
{'percent': [1, 2, 4, 5, 7, 9, 10, 12, 13, 15, 17, 18, 20, 21, 23, 25], 'n_components': [41, 83, 167, 208, 292, 375, 417, 501, 543, 626, 710, 751, 835, 877, 960, 1044], 'Mean Score in test': [0.5613704076990286, 0.5653468784739795, 0.5596813156575022, 0.560820361479771, 0.561535648159441, 0.5611650636238883, 0.5604729262764508, 0.5623283523080396, 0.5619178517878478, 0.5617773775398188, 0.5623725092596363, 0.561428942680536, 0.5621272757639271, 0.5628079742130352, 0.5616358765491507, 0.5621651208925087], 'Std Score in test': [0.02365755250861076, 0.02521556433063642, 0.018403457143002396, 0.018773293262734102, 0.017564060145502026, 0.017220836903264, 0.016659158671089063, 0.017631728979357185, 0.01723153666124227, 0.0172426048918902, 0.01820366878802018, 0.01827538918931913, 0.01775262951198519, 0.018106033828002296, 0.01829314441416801, 0.01801186097898945], 'Mean Training Time': [0.8877729773521423, 0.9172379374504089, 1.069636881351471, 1.146508812904358, 1.5423465967178345, 2.4527335166931152, 3.4641734957695007, 4.315907001495361, 4.202796697616577, 4.356232583522797, 5.566910922527313, 6.374717354774475, 7.029697299003601, 7.346076667308807, 8.105576395988464, 8.481099128723145], 'Std Training Time': [0.03662247404818614, 0.0751889803147102, 0.1727067114893984, 0.13055534965639654, 0.3297974677502146, 0.2723591518308571, 0.16061012528717492, 0.11775549074277687, 0.9340569586073753, 0.9816168798595881, 0.9450045046143866, 0.06029415519660375, 0.2270780427977716, 0.17446591712954146, 0.21592603112212028, 0.5307165175269543], 'Mean Best Score in CV': [0.557989132154981, 0.5634300665432758, 0.5618298099682166, 0.5613592158344435, 0.5620240671031251, 0.5623991951732926, 0.5619614242809351, 0.5614576200664227, 0.561219330368735, 0.5615773749550836, 0.5614861665264615, 0.5615171273877081, 0.5619382645762117, 0.5619211408654596, 0.5614148486460924, 0.5616768994929102], 'Std Best Score in CV': [0.008391063992287813, 0.00960313145884, 0.010454693669695148, 0.010246511579507175, 0.007917710179697947, 0.00831301575368497, 0.0087283223952655, 0.008992343404368207, 0.009543838617579825, 0.008801656535466272, 0.009258985198856179, 0.009066222553289751, 0.008847055118153884, 0.008578111747362949, 0.008988099765605958, 0.008546391512814375], 'cv_mean_test_score': [0.557989132154981, 0.5634300665432758, 0.5618298099682166, 0.5613592158344435, 0.5620240671031251, 0.5623991951732926, 0.5619614242809351, 0.5614576200664227, 0.561219330368735, 0.5615773749550836, 0.5614861665264615, 0.5615171273877081, 0.5619382645762117, 0.5619211408654596, 0.5614148486460924, 0.5616768994929102], 'cv_std_test_score': [0.026356086172628888, 0.024136467103248974, 0.02303052687952605, 0.02376701235159387, 0.02456823058875838, 0.025009470255716187, 0.025375905093139722, 0.025633436567957628, 0.025608523518545107, 0.02505424528912955, 0.02539383360516281, 0.025466886108986026, 0.02592890428438367, 0.02572223805139437, 0.025841996231544925, 0.02590022397136785], 'cv_mean_fit_time': [0.7734417676925659, 0.8243558406829833, 1.0617835521697998, 1.1847327113151551, 2.490118622779846, 3.532058000564575, 3.8655245423316957, 5.247028279304504, 5.968198454380036, 6.524090015888214, 7.287159693241119, 7.380093538761139, 9.330470931529998, 9.438711011409758, 11.068886280059814, 12.768379187583925], 'cv_std_fit_time': [0.12352861329183155, 0.12611175852245105, 0.16280651371229468, 0.23947085015094427, 0.7019847492721369, 0.6744898349141574, 0.902142891280876, 0.9349749894772713, 0.9226058441036817, 1.2938084599433979, 1.5081684387420138, 1.6209521115499617, 1.4851699794854043, 2.0036254332627763, 2.4749119529845505, 2.450895733709114]}
{'percent': [1, 1, 1, 1, 2, 2, 2, 2, 4, 4, 4, 4, 5, 5, 5, 5, 7, 7, 7, 7, 9, 9, 9, 9, 10, 10, 10, 10, 12, 12, 12, 12, 13, 13, 13, 13, 15, 15, 15, 15, 17, 17, 17, 17, 18, 18, 18, 18, 20, 20, 20, 20, 21, 21, 21, 21, 23, 23, 23, 23, 25, 25, 25, 25], 'n_components': [41, 41, 41, 41, 83, 83, 83, 83, 167, 167, 167, 167, 208, 208, 208, 208, 292, 292, 292, 292, 375, 375, 375, 375, 417, 417, 417, 417, 501, 501, 501, 501, 543, 543, 543, 543, 626, 626, 626, 626, 710, 710, 710, 710, 751, 751, 751, 751, 835, 835, 835, 835, 877, 877, 877, 877, 960, 960, 960, 960, 1044, 1044, 1044, 1044], 'Score in test': [0.5443691658982033, 0.5465166449959167, 0.6020130067301652, 0.5525828131718292, 0.5511843340510122, 0.5387426922876486, 0.6057798720619014, 0.5656806154953556, 0.5523246270990803, 0.5406776246041718, 0.5900669260107438, 0.5556560849160128, 0.5513073872596119, 0.5396007051519446, 0.590270858951011, 0.5621024945565166, 0.5519912252706287, 0.5428376013392322, 0.5897006240464464, 0.5616131419814567, 0.551761400060895, 0.5428172718717792, 0.5887536849942465, 0.5613278975686327, 0.5518033042834726, 0.5406389654742483, 0.5855721783867791, 0.5638772569613035, 0.551793042609771, 0.5415660691946323, 0.5882649244400385, 0.5676893729877166, 0.5519608483563481, 0.541310122628726, 0.5871194308853982, 0.567281005280919, 0.5519996688344101, 0.54145369523018, 0.5874940744808697, 0.5661620716138154, 0.5520110988332988, 0.5411789112532497, 0.58979276934181, 0.5665072576101868, 0.5495474272986014, 0.5411485499814175, 0.5890489716097975, 0.5659708218323275, 0.5520416777156578, 0.5411853464188343, 0.5885723247830257, 0.5667097541381905, 0.5520227377500267, 0.5409285575704126, 0.5887004750446746, 0.5695801264870267, 0.5495194983738367, 0.5409219878954789, 0.5886286164262438, 0.5674734035010436, 0.5520464421820457, 0.5405445580575036, 0.5886220553145356, 0.5674474280159498], 'Training Time': [0.902252197265625, 0.8250207901000977, 0.9170181751251221, 0.9068007469177246, 0.9750616550445557, 0.8455896377563477, 1.0079383850097656, 0.8403620719909668, 1.2743923664093018, 1.2057554721832275, 0.9186906814575195, 0.879709005355835, 1.2596073150634766, 1.2925124168395996, 1.0010907649993896, 1.0328247547149658, 2.046553134918213, 1.6263906955718994, 1.2676947116851807, 1.228747844696045, 2.516801118850708, 2.0101795196533203, 2.5298755168914795, 2.754077911376953, 3.627321720123291, 3.61952543258667, 3.3341612815856934, 3.2756855487823486, 4.384492874145508, 4.473426580429077, 4.188941240310669, 4.216767311096191, 4.961079120635986, 2.6030964851379395, 4.65371036529541, 4.593300819396973, 3.264230251312256, 5.487607955932617, 5.1675190925598145, 3.505573034286499, 6.365499496459961, 6.228434085845947, 3.991037607192993, 5.682672500610352, 6.440580606460571, 6.368431806564331, 6.409694671630859, 6.280162334442139, 7.236902952194214, 7.263239145278931, 6.7329933643341064, 6.885653734207153, 7.460538148880005, 7.570418357849121, 7.155122756958008, 7.198227405548096, 8.449631452560425, 7.998595237731934, 7.867508411407471, 8.106570482254028, 8.84770655632019, 8.818902730941772, 8.690155744552612, 7.567631483078003], 'Best Parameters': [{'regressor__nystroem__gamma': 0.015625, 'regressor__svm__C': 100.0}, {'regressor__nystroem__gamma': 0.015625, 'regressor__svm__C': 100.0}, {'regressor__nystroem__gamma': 0.015625, 'regressor__svm__C': 100.0}, {'regressor__nystroem__gamma': 0.015625, 'regressor__svm__C': 100.0}, {'regressor__nystroem__gamma': 0.015625, 'regressor__svm__C': 100.0}, {'regressor__nystroem__gamma': 0.015625, 'regressor__svm__C': 100.0}, {'regressor__nystroem__gamma': 0.015625, 'regressor__svm__C': 100.0}, {'regressor__nystroem__gamma': 0.015625, 'regressor__svm__C': 100.0}, {'regressor__nystroem__gamma': 0.015625, 'regressor__svm__C': 100.0}, {'regressor__nystroem__gamma': 0.015625, 'regressor__svm__C': 100.0}, {'regressor__nystroem__gamma': 0.1767766952966369, 'regressor__svm__C': 3.1622776601683795}, {'regressor__nystroem__gamma': 0.1767766952966369, 'regressor__svm__C': 3.1622776601683795}, {'regressor__nystroem__gamma': 0.015625, 'regressor__svm__C': 100.0}, {'regressor__nystroem__gamma': 0.015625, 'regressor__svm__C': 100.0}, {'regressor__nystroem__gamma': 0.1767766952966369, 'regressor__svm__C': 3.1622776601683795}, {'regressor__nystroem__gamma': 0.1767766952966369, 'regressor__svm__C': 3.1622776601683795}, {'regressor__nystroem__gamma': 0.015625, 'regressor__svm__C': 100.0}, {'regressor__nystroem__gamma': 0.015625, 'regressor__svm__C': 100.0}, {'regressor__nystroem__gamma': 0.1767766952966369, 'regressor__svm__C': 3.1622776601683795}, {'regressor__nystroem__gamma': 0.1767766952966369, 'regressor__svm__C': 3.1622776601683795}, {'regressor__nystroem__gamma': 0.015625, 'regressor__svm__C': 100.0}, {'regressor__nystroem__gamma': 0.015625, 'regressor__svm__C': 100.0}, {'regressor__nystroem__gamma': 0.1767766952966369, 'regressor__svm__C': 3.1622776601683795}, {'regressor__nystroem__gamma': 0.1767766952966369, 'regressor__svm__C': 3.1622776601683795}, {'regressor__nystroem__gamma': 0.015625, 'regressor__svm__C': 100.0}, {'regressor__nystroem__gamma': 0.015625, 'regressor__svm__C': 100.0}, {'regressor__nystroem__gamma': 0.1767766952966369, 'regressor__svm__C': 3.1622776601683795}, {'regressor__nystroem__gamma': 0.1767766952966369, 'regressor__svm__C': 3.1622776601683795}, {'regressor__nystroem__gamma': 0.015625, 'regressor__svm__C': 100.0}, {'regressor__nystroem__gamma': 0.015625, 'regressor__svm__C': 100.0}, {'regressor__nystroem__gamma': 0.1767766952966369, 'regressor__svm__C': 3.1622776601683795}, {'regressor__nystroem__gamma': 0.1767766952966369, 'regressor__svm__C': 3.1622776601683795}, {'regressor__nystroem__gamma': 0.015625, 'regressor__svm__C': 100.0}, {'regressor__nystroem__gamma': 0.015625, 'regressor__svm__C': 100.0}, {'regressor__nystroem__gamma': 0.1767766952966369, 'regressor__svm__C': 3.1622776601683795}, {'regressor__nystroem__gamma': 0.1767766952966369, 'regressor__svm__C': 3.1622776601683795}, {'regressor__nystroem__gamma': 0.015625, 'regressor__svm__C': 100.0}, {'regressor__nystroem__gamma': 0.015625, 'regressor__svm__C': 100.0}, {'regressor__nystroem__gamma': 0.1767766952966369, 'regressor__svm__C': 3.1622776601683795}, {'regressor__nystroem__gamma': 0.1767766952966369, 'regressor__svm__C': 3.1622776601683795}, {'regressor__nystroem__gamma': 0.015625, 'regressor__svm__C': 100.0}, {'regressor__nystroem__gamma': 0.015625, 'regressor__svm__C': 100.0}, {'regressor__nystroem__gamma': 0.1767766952966369, 'regressor__svm__C': 3.1622776601683795}, {'regressor__nystroem__gamma': 0.1767766952966369, 'regressor__svm__C': 3.1622776601683795}, {'regressor__nystroem__gamma': 0.015625, 'regressor__svm__C': 100.0}, {'regressor__nystroem__gamma': 0.015625, 'regressor__svm__C': 100.0}, {'regressor__nystroem__gamma': 0.1767766952966369, 'regressor__svm__C': 3.1622776601683795}, {'regressor__nystroem__gamma': 0.1767766952966369, 'regressor__svm__C': 3.1622776601683795}, {'regressor__nystroem__gamma': 0.015625, 'regressor__svm__C': 100.0}, {'regressor__nystroem__gamma': 0.015625, 'regressor__svm__C': 100.0}, {'regressor__nystroem__gamma': 0.1767766952966369, 'regressor__svm__C': 3.1622776601683795}, {'regressor__nystroem__gamma': 0.1767766952966369, 'regressor__svm__C': 3.1622776601683795}, {'regressor__nystroem__gamma': 0.015625, 'regressor__svm__C': 100.0}, {'regressor__nystroem__gamma': 0.015625, 'regressor__svm__C': 100.0}, {'regressor__nystroem__gamma': 0.1767766952966369, 'regressor__svm__C': 3.1622776601683795}, {'regressor__nystroem__gamma': 0.1767766952966369, 'regressor__svm__C': 3.1622776601683795}, {'regressor__nystroem__gamma': 0.015625, 'regressor__svm__C': 100.0}, {'regressor__nystroem__gamma': 0.015625, 'regressor__svm__C': 100.0}, {'regressor__nystroem__gamma': 0.1767766952966369, 'regressor__svm__C': 3.1622776601683795}, {'regressor__nystroem__gamma': 0.1767766952966369, 'regressor__svm__C': 3.1622776601683795}, {'regressor__nystroem__gamma': 0.015625, 'regressor__svm__C': 100.0}, {'regressor__nystroem__gamma': 0.015625, 'regressor__svm__C': 100.0}, {'regressor__nystroem__gamma': 0.1767766952966369, 'regressor__svm__C': 3.1622776601683795}, {'regressor__nystroem__gamma': 0.1767766952966369, 'regressor__svm__C': 3.1622776601683795}], 'Best Score in CV': [0.5605023280900439, 0.5653177294607457, 0.5437627296290563, 0.5623737414400782, 0.5701785565202587, 0.5704743828558823, 0.5470839207218129, 0.5659834060751493, 0.571157977163345, 0.569150470476089, 0.5446170899373939, 0.5623937022960384, 0.5712795987952051, 0.5678309838739213, 0.5446392060506846, 0.561687074617963, 0.5710617604332633, 0.566512830094608, 0.5499013084719712, 0.5606203694126581, 0.5712081082826452, 0.566512216984461, 0.5489231431072809, 0.5629533123187835, 0.5710812537784336, 0.5663660820281429, 0.5477592119155972, 0.5626391494015669, 0.5712876873806347, 0.566426566877009, 0.5472528615660908, 0.5608633644419564, 0.5711184815610443, 0.5664383025386521, 0.5457599607696569, 0.5615605766055864, 0.5711593278566672, 0.5664130930458857, 0.5476326645421095, 0.5611044143756722, 0.5712789299425699, 0.5663358066274273, 0.5465394151864394, 0.5617905143494095, 0.5712882160435561, 0.566363135800191, 0.5470323043626832, 0.561384853344402, 0.5711382500047358, 0.5663222861821718, 0.5474990545045613, 0.5627934676133779, 0.5712913468989325, 0.5663914741866094, 0.5482639913957057, 0.561737750980591, 0.5711263688399045, 0.5663539018793573, 0.547121196722585, 0.5610579271425225, 0.571271615955394, 0.5663294134078416, 0.5483497782341015, 0.5607567903743037], 'cv_mean_test_score': [0.5605023280900439, 0.5653177294607457, 0.5437627296290563, 0.5623737414400782, 0.5701785565202587, 0.5704743828558823, 0.5470839207218129, 0.5659834060751493, 0.571157977163345, 0.569150470476089, 0.5446170899373939, 0.5623937022960384, 0.5712795987952051, 0.5678309838739213, 0.5446392060506846, 0.561687074617963, 0.5710617604332633, 0.566512830094608, 0.5499013084719712, 0.5606203694126581, 0.5712081082826452, 0.566512216984461, 0.5489231431072809, 0.5629533123187835, 0.5710812537784336, 0.5663660820281429, 0.5477592119155972, 0.5626391494015669, 0.5712876873806347, 0.566426566877009, 0.5472528615660908, 0.5608633644419564, 0.5711184815610443, 0.5664383025386521, 0.5457599607696569, 0.5615605766055864, 0.5711593278566672, 0.5664130930458857, 0.5476326645421095, 0.5611044143756722, 0.5712789299425699, 0.5663358066274273, 0.5465394151864394, 0.5617905143494095, 0.5712882160435561, 0.566363135800191, 0.5470323043626832, 0.561384853344402, 0.5711382500047358, 0.5663222861821718, 0.5474990545045613, 0.5627934676133779, 0.5712913468989325, 0.5663914741866094, 0.5482639913957057, 0.561737750980591, 0.5711263688399045, 0.5663539018793573, 0.547121196722585, 0.5610579271425225, 0.571271615955394, 0.5663294134078416, 0.5483497782341015, 0.5607567903743037], 'cv_std_test_score': [0.04000035448713333, 0.025421794773083414, 0.006175931362276567, 0.033826264068022235, 0.0320154191362613, 0.0249818303091302, 0.00814259010042694, 0.031406028867177464, 0.032956845955156785, 0.02913867388174013, 0.004432377294993305, 0.02559421038621397, 0.03313921236286944, 0.031309982760355064, 0.007536585969371169, 0.023082268313779818, 0.03307883893448512, 0.033316162040245144, 0.00716982776221165, 0.024708093618091603, 0.032976923427823934, 0.03342327972242777, 0.008532347578795741, 0.025105330293817302, 0.033028002993295794, 0.03350899596832451, 0.008701318256515576, 0.026265303154423023, 0.03295446279916985, 0.03352056900008515, 0.009919207292431348, 0.026139507180144173, 0.03307313471562924, 0.033696621749483194, 0.009531801973391787, 0.026132535635676205, 0.03302209086189341, 0.03362528740240455, 0.00770195225833277, 0.025867650633887476, 0.032925352824725876, 0.03376584868078158, 0.008084773516981426, 0.026799359398162373, 0.03293186874775279, 0.033737289088047386, 0.008661053782092918, 0.026537332818050995, 0.03300082997154368, 0.03374712670503079, 0.010040928874898975, 0.026926731586061226, 0.032937279523944894, 0.03367978962784226, 0.009540091931626167, 0.02673179112216416, 0.03293774070008479, 0.033739543709121425, 0.009946905987251039, 0.026743794529722448, 0.032914795581964404, 0.03378982269999031, 0.010273162183853815, 0.026623115419662877], 'cv_mean_fit_time': [0.7659026622772217, 0.8152510643005371, 0.7506853580474854, 0.7619279861450196, 0.8219482421875, 0.8636418342590332, 0.79411940574646, 0.8177138805389405, 1.1739229202270507, 1.2801750659942628, 0.8646324157714844, 0.9284038066864013, 1.0958098888397216, 1.5436871528625489, 1.0303271770477296, 1.0691066265106202, 2.311256980895996, 3.0548055171966553, 2.394684600830078, 2.1997273921966554, 3.6287837505340574, 3.6522507667541504, 3.0627333164215087, 3.784464168548584, 4.169989824295044, 4.249144458770752, 3.0872812271118164, 3.95568265914917, 5.123881864547729, 5.869844818115235, 5.060174417495728, 4.934212017059326, 6.158253145217896, 6.0876223087310795, 5.800687789916992, 5.826230573654175, 6.55249342918396, 6.413782691955566, 6.73287672996521, 6.39720721244812, 7.32780909538269, 7.608165264129639, 7.025375747680664, 7.187288665771485, 8.12804536819458, 7.730552291870117, 6.166517353057861, 7.495259141921997, 9.844628095626831, 9.455108976364135, 8.899167728424072, 9.122978925704956, 10.165634727478027, 9.222355270385743, 9.353362464904786, 9.013491582870483, 11.70570902824402, 11.574958324432373, 10.488118076324463, 10.506759691238404, 12.600834703445434, 13.242924785614013, 12.853042030334473, 12.376715230941773], 'cv_std_fit_time': [0.12557137799598253, 0.15490527623976, 0.1125792920192049, 0.10105850691237876, 0.16059276986256624, 0.0755770711088626, 0.13316102375655497, 0.13511616936182033, 0.1452967851332376, 0.24768256978096823, 0.12636265544501338, 0.13188404448995952, 0.15685258230148622, 0.3109565010864635, 0.2583414420791637, 0.23173287513666366, 0.6484089638227976, 0.6808646840258227, 0.7578541400898295, 0.7208112091500981, 0.5207293843979311, 0.669534770980413, 0.8665311789814095, 0.6411640052968757, 0.9045053720676525, 0.899011678794002, 1.0482223878157841, 0.7568321264460656, 0.9236586550905115, 0.9276987630492821, 0.8310455334861737, 1.0574970062831182, 0.9030476380080461, 0.9883171212733007, 0.9025814827931506, 0.8964771343402295, 1.4433858468391436, 1.4288499736122253, 1.1495850495743856, 1.153412969747837, 1.6307900501525678, 1.4377584584128422, 1.552276896921916, 1.4118483494807288, 1.5048432621907557, 1.8172551726388093, 1.6493526525586084, 1.5123573588116737, 1.328818661445554, 1.5665846547411055, 1.4749951753607806, 1.5702814263941773, 1.786657470463935, 2.142487991412298, 2.0827532409224787, 2.002603030252393, 2.2128915095988844, 2.269138260790628, 2.683940207242598, 2.7336778343060906, 2.2920065636253195, 2.5519154009156413, 2.4976796365978595, 2.4619813336976346]}
