
    --------------------
    'Model: Random Fourier features and SVR 
    	Dataset: abalone (regression) of shape (4177, 8) 	CV: 5 	n_jobs: 5
    	 params: {'regressor__fourier_random_features__gamma': [0.0001220703125, 0.0008501470344688711, 0.005920767837931241, 0.0412346222116529, 0.2871745887492586, 2.0], 'regressor__svm__C': array([1.00000000e-04, 1.58489319e-03, 2.51188643e-02, 3.98107171e-01,
       6.30957344e+00, 1.00000000e+02])} 
    	 number of hyperparameter 36
    
        	 n components [41, 83, 167, 208, 292, 375, 417, 501, 543, 626, 710, 751, 835, 877, 960, 1044]
        	 which correspond with the [1, 2, 4, 5, 7, 9, 10, 12, 13, 15, 17, 18, 20, 21, 23, 25] % of the data
        --------------------
        
{'percent': [1, 2, 4, 5, 7, 9, 10, 12, 13, 15, 17, 18, 20, 21, 23, 25], 'n_components': [41, 83, 167, 208, 292, 375, 417, 501, 543, 626, 710, 751, 835, 877, 960, 1044], 'Mean Score in test': [0.5412911364340296, 0.5599672519017892, 0.5638077509163273, 0.5667092394936168, 0.5629293778697718, 0.5673981107884263, 0.5583896155794801, 0.5665528568011028, 0.5651520357132902, 0.5676405893889056, 0.5688292197268693, 0.5670218293047949, 0.5666837232169235, 0.5674079841660862, 0.5663910096212555, 0.5664884850217267], 'Std Score in test': [0.035434759327137806, 0.016301729016589765, 0.02068036675629729, 0.017920761532623678, 0.020682932964529097, 0.01978256048308686, 0.028170989231484676, 0.020278625696480316, 0.02159811649602313, 0.018798603938408195, 0.019954726932647788, 0.01820052928436247, 0.019554323295997513, 0.020274652487204295, 0.019861752062811707, 0.020186623760608254], 'Mean Training Time': [1.0126985907554626, 1.1478703022003174, 0.9000518321990967, 0.936203122138977, 1.7049849033355713, 3.1042643785476685, 2.823334813117981, 4.062823712825775, 4.474038481712341, 4.311169624328613, 5.027095258235931, 6.005585730075836, 6.4971707463264465, 6.2238433957099915, 7.125115931034088, 4.614744663238525], 'Std Training Time': [0.24689025329327355, 0.3068139803973334, 0.030413044896196912, 0.028041544297976784, 0.4587379124346448, 0.32773223126879386, 0.8812109778822901, 0.04782574078209612, 0.1536685243523308, 1.1492203386864073, 1.1446108939279158, 0.04196272903813142, 0.0787439316291297, 1.114258120663282, 1.055568788452573, 0.08971167087978812], 'Mean Best Score in CV': [0.5468513012409095, 0.5597596252870343, 0.5607148190958743, 0.5651130194987396, 0.5627671760412882, 0.5633775006319763, 0.5625106157308044, 0.5640858773914085, 0.562750142225197, 0.563755550354355, 0.5627550266051685, 0.5643814350763182, 0.5634494051394299, 0.5631679812069571, 0.5643446407345178, 0.5633527931949347], 'Std Best Score in CV': [0.010631316603223655, 0.008901986113878746, 0.009620395360942039, 0.008759602265285178, 0.009146620262708072, 0.009200968891072376, 0.00949558646068528, 0.009453714620001573, 0.009091421916608621, 0.007987215590199012, 0.0097677279242989, 0.009768473618400622, 0.009015793182693712, 0.008324888049064208, 0.008757442409193558, 0.009893894262644002], 'cv_mean_test_score': [0.5468513012409095, 0.5597596252870343, 0.5607148190958743, 0.5651130194987396, 0.5627671760412882, 0.5633775006319763, 0.5625106157308044, 0.5640858773914085, 0.562750142225197, 0.563755550354355, 0.5627550266051685, 0.5643814350763182, 0.5634494051394299, 0.5631679812069571, 0.5643446407345178, 0.5633527931949347], 'cv_std_test_score': [0.026851221289606937, 0.022765265526366305, 0.023658111879265805, 0.02249660255934085, 0.021189631533560155, 0.023323579342390387, 0.023355386793361244, 0.022814928761171575, 0.023217775938858667, 0.02320232747744197, 0.022337693846229426, 0.02279414431327614, 0.0237753215360542, 0.02308229553051095, 0.022608835235609394, 0.023283316353366015], 'cv_mean_fit_time': [0.8948248982429504, 1.0669592380523683, 0.9475959181785584, 1.326736843585968, 3.0271424412727357, 3.5413442373275754, 4.159203958511352, 4.641566407680512, 5.3893099308013905, 6.268001544475555, 6.848347854614258, 6.647818803787232, 7.788102805614471, 8.526452803611754, 9.73049693107605, 7.009809839725494], 'cv_std_fit_time': [0.16369497658801405, 0.1531025532227916, 0.20136341803097213, 0.521528532947187, 0.5361534887302847, 0.519159972765096, 0.7712009059328889, 0.7793626259180562, 0.8381951167471999, 1.063570042121515, 1.2752524529844278, 1.445862046650846, 1.428586451530262, 1.4293768449857447, 1.826923219370632, 1.8488210238339775]}
{'percent': [1, 1, 1, 1, 2, 2, 2, 2, 4, 4, 4, 4, 5, 5, 5, 5, 7, 7, 7, 7, 9, 9, 9, 9, 10, 10, 10, 10, 12, 12, 12, 12, 13, 13, 13, 13, 15, 15, 15, 15, 17, 17, 17, 17, 18, 18, 18, 18, 20, 20, 20, 20, 21, 21, 21, 21, 23, 23, 23, 23, 25, 25, 25, 25], 'n_components': [41, 41, 41, 41, 83, 83, 83, 83, 167, 167, 167, 167, 208, 208, 208, 208, 292, 292, 292, 292, 375, 375, 375, 375, 417, 417, 417, 417, 501, 501, 501, 501, 543, 543, 543, 543, 626, 626, 626, 626, 710, 710, 710, 710, 751, 751, 751, 751, 835, 835, 835, 835, 877, 877, 877, 877, 960, 960, 960, 960, 1044, 1044, 1044, 1044], 'Score in test': [0.5399573970978508, 0.4905426201287719, 0.590666972632365, 0.5439975558771308, 0.5386511540717633, 0.5582749005634382, 0.5845300183150403, 0.5584129346569151, 0.5517207832971911, 0.5449113551792366, 0.5983724150066002, 0.5602264501822816, 0.5538565325353435, 0.5584820124988179, 0.5976152766326134, 0.5568831363076927, 0.5476853407237392, 0.5516571453722032, 0.59854969832006, 0.553825327063085, 0.5514513408907801, 0.5538158422829034, 0.6007454076972785, 0.5635798522827431, 0.5243666962068805, 0.5451336279230807, 0.6010486742530294, 0.5630094639349297, 0.5519782413457677, 0.5525046369064135, 0.6011803443585266, 0.5605482045937034, 0.5462851043188287, 0.5487944801027755, 0.600399493653472, 0.5651290647780849, 0.5543833826272452, 0.552782783941018, 0.5993306672078729, 0.5640655237794867, 0.5540262380231717, 0.555011180747955, 0.6028008163406336, 0.5634786437957167, 0.5547590304137179, 0.5525572952509417, 0.5978248610138603, 0.5629461305406598, 0.5554559218837476, 0.5483205304855987, 0.5992049417201022, 0.5637534987782455, 0.5527960118125634, 0.5513602233775093, 0.6014887994244387, 0.5639869020498329, 0.5505255518748755, 0.5509966650683626, 0.5993510949362183, 0.5646907266055656, 0.5543364197082783, 0.5484829504481779, 0.6003207744175343, 0.5628137955129162], 'Training Time': [0.7321789264678955, 1.2289905548095703, 1.285938024520874, 0.8036868572235107, 1.4013371467590332, 1.2517988681793213, 0.6244792938232422, 1.3138659000396729, 0.9056301116943359, 0.9089915752410889, 0.9345264434814453, 0.8510591983795166, 0.9141051769256592, 0.9151875972747803, 0.9324028491973877, 0.983116865158081, 2.3360860347747803, 1.2144362926483154, 1.3240981101989746, 1.9453191757202148, 2.796267032623291, 2.7946479320526123, 3.5682897567749023, 3.257852792739868, 3.596168041229248, 1.3251924514770508, 3.1596004962921143, 3.2123782634735107, 4.07069206237793, 4.098981142044067, 4.099166631698608, 3.982455015182495, 4.728554964065552, 4.429267883300781, 4.422440052032471, 4.3158910274505615, 2.321486711502075, 5.022736310958862, 4.971129417419434, 4.929326057434082, 3.0470566749572754, 5.597032070159912, 5.71021294593811, 5.754079341888428, 6.01685094833374, 6.028187036514282, 6.042653799057007, 5.934651136398315, 6.553317308425903, 6.552929639816284, 6.5195746421813965, 6.362861394882202, 6.859424352645874, 6.889530897140503, 6.852375268936157, 4.294043064117432, 8.167844295501709, 7.503791809082031, 7.467036485671997, 5.361791133880615, 4.585744142532349, 4.768099784851074, 4.559704542160034, 4.5454301834106445], 'Best Parameters': [{'regressor__fourier_random_features__gamma': 0.005920767837931241, 'regressor__svm__C': 100.0}, {'regressor__fourier_random_features__gamma': 0.0412346222116529, 'regressor__svm__C': 100.0}, {'regressor__fourier_random_features__gamma': 0.0412346222116529, 'regressor__svm__C': 100.0}, {'regressor__fourier_random_features__gamma': 0.005920767837931241, 'regressor__svm__C': 100.0}, {'regressor__fourier_random_features__gamma': 0.0412346222116529, 'regressor__svm__C': 100.0}, {'regressor__fourier_random_features__gamma': 0.0412346222116529, 'regressor__svm__C': 100.0}, {'regressor__fourier_random_features__gamma': 0.0412346222116529, 'regressor__svm__C': 6.30957344480193}, {'regressor__fourier_random_features__gamma': 0.0412346222116529, 'regressor__svm__C': 100.0}, {'regressor__fourier_random_features__gamma': 0.0412346222116529, 'regressor__svm__C': 6.30957344480193}, {'regressor__fourier_random_features__gamma': 0.0412346222116529, 'regressor__svm__C': 6.30957344480193}, {'regressor__fourier_random_features__gamma': 0.0412346222116529, 'regressor__svm__C': 6.30957344480193}, {'regressor__fourier_random_features__gamma': 0.0412346222116529, 'regressor__svm__C': 6.30957344480193}, {'regressor__fourier_random_features__gamma': 0.0412346222116529, 'regressor__svm__C': 6.30957344480193}, {'regressor__fourier_random_features__gamma': 0.0412346222116529, 'regressor__svm__C': 6.30957344480193}, {'regressor__fourier_random_features__gamma': 0.0412346222116529, 'regressor__svm__C': 6.30957344480193}, {'regressor__fourier_random_features__gamma': 0.0412346222116529, 'regressor__svm__C': 6.30957344480193}, {'regressor__fourier_random_features__gamma': 0.0412346222116529, 'regressor__svm__C': 100.0}, {'regressor__fourier_random_features__gamma': 0.0412346222116529, 'regressor__svm__C': 6.30957344480193}, {'regressor__fourier_random_features__gamma': 0.0412346222116529, 'regressor__svm__C': 6.30957344480193}, {'regressor__fourier_random_features__gamma': 0.005920767837931241, 'regressor__svm__C': 100.0}, {'regressor__fourier_random_features__gamma': 0.0412346222116529, 'regressor__svm__C': 6.30957344480193}, {'regressor__fourier_random_features__gamma': 0.0412346222116529, 'regressor__svm__C': 6.30957344480193}, {'regressor__fourier_random_features__gamma': 0.0412346222116529, 'regressor__svm__C': 100.0}, {'regressor__fourier_random_features__gamma': 0.0412346222116529, 'regressor__svm__C': 6.30957344480193}, {'regressor__fourier_random_features__gamma': 0.0412346222116529, 'regressor__svm__C': 100.0}, {'regressor__fourier_random_features__gamma': 0.0412346222116529, 'regressor__svm__C': 6.30957344480193}, {'regressor__fourier_random_features__gamma': 0.0412346222116529, 'regressor__svm__C': 6.30957344480193}, {'regressor__fourier_random_features__gamma': 0.0412346222116529, 'regressor__svm__C': 6.30957344480193}, {'regressor__fourier_random_features__gamma': 0.0412346222116529, 'regressor__svm__C': 6.30957344480193}, {'regressor__fourier_random_features__gamma': 0.0412346222116529, 'regressor__svm__C': 6.30957344480193}, {'regressor__fourier_random_features__gamma': 0.0412346222116529, 'regressor__svm__C': 6.30957344480193}, {'regressor__fourier_random_features__gamma': 0.0412346222116529, 'regressor__svm__C': 6.30957344480193}, {'regressor__fourier_random_features__gamma': 0.0412346222116529, 'regressor__svm__C': 100.0}, {'regressor__fourier_random_features__gamma': 0.0412346222116529, 'regressor__svm__C': 6.30957344480193}, {'regressor__fourier_random_features__gamma': 0.0412346222116529, 'regressor__svm__C': 6.30957344480193}, {'regressor__fourier_random_features__gamma': 0.0412346222116529, 'regressor__svm__C': 6.30957344480193}, {'regressor__fourier_random_features__gamma': 0.0412346222116529, 'regressor__svm__C': 6.30957344480193}, {'regressor__fourier_random_features__gamma': 0.0412346222116529, 'regressor__svm__C': 6.30957344480193}, {'regressor__fourier_random_features__gamma': 0.0412346222116529, 'regressor__svm__C': 6.30957344480193}, {'regressor__fourier_random_features__gamma': 0.0412346222116529, 'regressor__svm__C': 6.30957344480193}, {'regressor__fourier_random_features__gamma': 0.0412346222116529, 'regressor__svm__C': 6.30957344480193}, {'regressor__fourier_random_features__gamma': 0.0412346222116529, 'regressor__svm__C': 6.30957344480193}, {'regressor__fourier_random_features__gamma': 0.0412346222116529, 'regressor__svm__C': 6.30957344480193}, {'regressor__fourier_random_features__gamma': 0.0412346222116529, 'regressor__svm__C': 6.30957344480193}, {'regressor__fourier_random_features__gamma': 0.0412346222116529, 'regressor__svm__C': 6.30957344480193}, {'regressor__fourier_random_features__gamma': 0.0412346222116529, 'regressor__svm__C': 6.30957344480193}, {'regressor__fourier_random_features__gamma': 0.0412346222116529, 'regressor__svm__C': 6.30957344480193}, {'regressor__fourier_random_features__gamma': 0.0412346222116529, 'regressor__svm__C': 6.30957344480193}, {'regressor__fourier_random_features__gamma': 0.0412346222116529, 'regressor__svm__C': 6.30957344480193}, {'regressor__fourier_random_features__gamma': 0.0412346222116529, 'regressor__svm__C': 6.30957344480193}, {'regressor__fourier_random_features__gamma': 0.0412346222116529, 'regressor__svm__C': 6.30957344480193}, {'regressor__fourier_random_features__gamma': 0.0412346222116529, 'regressor__svm__C': 6.30957344480193}, {'regressor__fourier_random_features__gamma': 0.0412346222116529, 'regressor__svm__C': 6.30957344480193}, {'regressor__fourier_random_features__gamma': 0.0412346222116529, 'regressor__svm__C': 6.30957344480193}, {'regressor__fourier_random_features__gamma': 0.0412346222116529, 'regressor__svm__C': 6.30957344480193}, {'regressor__fourier_random_features__gamma': 0.0412346222116529, 'regressor__svm__C': 6.30957344480193}, {'regressor__fourier_random_features__gamma': 0.0412346222116529, 'regressor__svm__C': 100.0}, {'regressor__fourier_random_features__gamma': 0.0412346222116529, 'regressor__svm__C': 6.30957344480193}, {'regressor__fourier_random_features__gamma': 0.0412346222116529, 'regressor__svm__C': 6.30957344480193}, {'regressor__fourier_random_features__gamma': 0.0412346222116529, 'regressor__svm__C': 6.30957344480193}, {'regressor__fourier_random_features__gamma': 0.0412346222116529, 'regressor__svm__C': 6.30957344480193}, {'regressor__fourier_random_features__gamma': 0.0412346222116529, 'regressor__svm__C': 6.30957344480193}, {'regressor__fourier_random_features__gamma': 0.0412346222116529, 'regressor__svm__C': 6.30957344480193}, {'regressor__fourier_random_features__gamma': 0.0412346222116529, 'regressor__svm__C': 6.30957344480193}], 'Best Score in CV': [0.5530831841204301, 0.5586528808300224, 0.5303718948312324, 0.5452972451819529, 0.5651697198567682, 0.566021937631905, 0.5444267590912085, 0.5634200845682555, 0.5674700368313923, 0.567689792160374, 0.5443190956474065, 0.5633803517443242, 0.5693236126014367, 0.5728276743195706, 0.550246133493322, 0.5680546575806291, 0.5700826154777788, 0.570077068579911, 0.5476846227265428, 0.5632243973809203, 0.5707334184380041, 0.5685722980897052, 0.5476476297940647, 0.5665566562061313, 0.5704197556424265, 0.5684786876607637, 0.5464559863354237, 0.5646880332846038, 0.5719568472816834, 0.5696310172389192, 0.5480291825873297, 0.5667264624577015, 0.5717140818296553, 0.5662621608683608, 0.5475649692792244, 0.565459356923548, 0.5709219999047699, 0.5685974253118656, 0.5503933730647104, 0.5651094031360737, 0.569588604242724, 0.5695711624305229, 0.546047882550311, 0.565812457197116, 0.572789421775946, 0.5709628254120661, 0.5480736127151375, 0.5656998804021233, 0.5698036902425121, 0.5684553884576445, 0.5478906716000058, 0.567647870257557, 0.5688601087289611, 0.5696911327661306, 0.549071076975185, 0.5650496063575519, 0.5698697802182563, 0.5711369080011168, 0.5494038568900338, 0.5669680178286647, 0.5713956398805242, 0.5703434136569254, 0.54675316772948, 0.5649189515128088], 'cv_mean_test_score': [0.5530831841204301, 0.5586528808300224, 0.5303718948312324, 0.5452972451819529, 0.5651697198567682, 0.566021937631905, 0.5444267590912085, 0.5634200845682555, 0.5674700368313923, 0.567689792160374, 0.5443190956474065, 0.5633803517443242, 0.5693236126014367, 0.5728276743195706, 0.550246133493322, 0.5680546575806291, 0.5700826154777788, 0.570077068579911, 0.5476846227265428, 0.5632243973809203, 0.5707334184380041, 0.5685722980897052, 0.5476476297940647, 0.5665566562061313, 0.5704197556424265, 0.5684786876607637, 0.5464559863354237, 0.5646880332846038, 0.5719568472816834, 0.5696310172389192, 0.5480291825873297, 0.5667264624577015, 0.5717140818296553, 0.5662621608683608, 0.5475649692792244, 0.565459356923548, 0.5709219999047699, 0.5685974253118656, 0.5503933730647104, 0.5651094031360737, 0.569588604242724, 0.5695711624305229, 0.546047882550311, 0.565812457197116, 0.572789421775946, 0.5709628254120661, 0.5480736127151375, 0.5656998804021233, 0.5698036902425121, 0.5684553884576445, 0.5478906716000058, 0.567647870257557, 0.5688601087289611, 0.5696911327661306, 0.549071076975185, 0.5650496063575519, 0.5698697802182563, 0.5711369080011168, 0.5494038568900338, 0.5669680178286647, 0.5713956398805242, 0.5703434136569254, 0.54675316772948, 0.5649189515128088], 'cv_std_test_score': [0.02978907051877516, 0.02867004317699702, 0.011571153990772874, 0.037374617471882705, 0.02930860363898366, 0.02181836529184307, 0.008542295115894013, 0.03139179805874448, 0.02975454766453836, 0.02300960252646736, 0.012635365041115265, 0.029232932284942236, 0.028636505899060045, 0.024265327034839315, 0.007286314126729028, 0.029798263176735017, 0.024904997858841732, 0.022176625573805123, 0.00707552937919739, 0.030601373322396375, 0.0286420870801346, 0.025569724725457058, 0.01039238470661269, 0.028690120857357195, 0.03112456841572484, 0.026555131961546716, 0.006010580893987253, 0.029731265902186162, 0.030940157585201633, 0.02528228698661324, 0.006090573459194791, 0.028946697013676647, 0.027611564363058578, 0.027684213250429534, 0.006737289092455479, 0.030838037049491077, 0.03050915921132189, 0.02518820598358246, 0.007365402641737153, 0.02974654207312637, 0.02837257397480651, 0.025562001219158127, 0.007246287667224725, 0.028169912523728344, 0.02973668854729457, 0.02517745761835358, 0.0052829617044765935, 0.030979469382979814, 0.029316566347577008, 0.0275178184579153, 0.008182608715832087, 0.030084292622892403, 0.030530813424184615, 0.025984602369186028, 0.0061390334968964245, 0.029674732831776723, 0.02703844424356407, 0.026312877851335847, 0.00601074631759968, 0.03107327252993798, 0.02983226730157825, 0.025803628327015462, 0.006554758368760548, 0.030942611416109798], 'cv_mean_fit_time': [0.5842545986175537, 1.2466071128845215, 1.1646133422851563, 0.5838245391845703, 1.261497402191162, 1.2064279079437257, 0.5572072982788085, 1.2427043437957763, 0.805538272857666, 1.0343904495239258, 0.9814386367797852, 0.9690163135528564, 1.297581720352173, 1.336146068572998, 1.2761639595031737, 1.3970556259155273, 3.580124521255493, 2.8612924098968504, 2.9072709560394285, 2.75988187789917, 3.780176544189453, 3.5835383415222166, 3.1771132946014404, 3.6245487689971925, 4.91335973739624, 3.846011686325073, 3.9435028553009035, 3.9339415550231935, 5.089715242385864, 3.6899904727935793, 5.115295457839966, 4.6712644577026365, 6.257418394088745, 4.240520429611206, 5.52836046218872, 5.530940437316895, 6.353249883651733, 6.417968368530273, 5.935471105575561, 6.3653168201446535, 7.136465930938721, 7.1466827392578125, 6.587539625167847, 6.5227031230926515, 5.808114671707154, 6.908659601211548, 6.93480339050293, 6.939697551727295, 6.040105152130127, 8.370619964599609, 8.393444967269897, 8.348241138458253, 8.65112042427063, 8.112175703048706, 8.551521921157837, 8.790993165969848, 10.521567106246948, 9.681270647048951, 8.962269258499145, 9.756880712509155, 7.01305513381958, 7.007496309280396, 6.990572595596314, 7.028115320205688], 'cv_std_fit_time': [0.12986927622504052, 0.21126539903007857, 0.178287885122796, 0.13535734597414104, 0.2506309744525683, 0.12798677302890973, 0.01621646984916168, 0.2175759955605266, 0.1388555723546783, 0.22615181329947748, 0.2247744617526853, 0.21567182471704732, 0.51416675759108, 0.5452692489673625, 0.4315568527167454, 0.5951212725135604, 0.5681375837517356, 0.477899664450326, 0.4976860960653934, 0.6008906106536837, 0.5238033449450201, 0.3077235059423624, 0.6935845196856483, 0.551528520487353, 0.7383727872306174, 0.8052848332456342, 0.7755058203168236, 0.7656401829384807, 0.7460323656425965, 0.7440157024687597, 0.7659986761910117, 0.8614037593698569, 0.9241895481734822, 0.7606772096876161, 0.8472564370703829, 0.8206572720573184, 0.9902844747884582, 0.9939915107947369, 1.2393787628983262, 1.0306254200045393, 1.1659560730077445, 1.1452678124581255, 1.4010949991507606, 1.3886909273210803, 1.3321859862532905, 1.4451778224931926, 1.4675661726106948, 1.5385182052462065, 1.5287735443457502, 1.3757950398745007, 1.3827401644297495, 1.427037057471048, 1.1042995841942327, 1.7851280792829942, 1.3162066325088522, 1.5118730839568995, 1.792349034134634, 1.706059515831131, 2.129119714074044, 1.6801646134427193, 1.8636965831926815, 1.8542518672118162, 1.8385232624090186, 1.8388123825223939]}
