
    --------------------
    'Model: Nystrom and SVR 
    	Dataset: abalone (regression) of shape (4177, 8) 	CV: 5 	n_jobs: 5
    	 params: {'regressor__nystroem__gamma': array([1.22070312e-04, 1.38106793e-03, 1.56250000e-02, 1.76776695e-01,
       2.00000000e+00]), 'regressor__svm__C': array([1.00000000e-04, 3.16227766e-03, 1.00000000e-01, 3.16227766e+00,
       1.00000000e+02])} 
    	 number of hyperparameter 25
    
        	 n components [41, 83, 167, 208, 292, 375, 417, 501, 543, 626, 710, 751, 835, 877, 960, 1044]
        	 which correspond with the [1, 2, 4, 5, 7, 9, 10, 12, 13, 15, 17, 18, 20, 21, 23, 25] % of the data
        --------------------
        
{'percent': [1, 2, 4, 5, 7, 9, 10, 12, 13, 15, 17, 18, 20, 21, 23, 25], 'n_components': [41, 83, 167, 208, 292, 375, 417, 501, 543, 626, 710, 751, 835, 877, 960, 1044], 'Mean Score in test': [0.5633902356822633, 0.5646395986831794, 0.5616766747042067, 0.561095203005777, 0.5628098414744381, 0.5605479865370442, 0.5612825131237341, 0.5627102261752761, 0.5620531664206253, 0.5627695683392664, 0.5610023416531704, 0.562024340945378, 0.562111263357473, 0.5617477722080308, 0.5620717396524191, 0.5615080056019546], 'Std Score in test': [0.021700650620596815, 0.023293534269147518, 0.01972382953123827, 0.017909203952912487, 0.017349214997808532, 0.017937036535350236, 0.017852113237939317, 0.018359311374776803, 0.017555443550815456, 0.01816922840009073, 0.017138251118197636, 0.017629180104042096, 0.017876567132665167, 0.018284516988859734, 0.01768698378878763, 0.01828544431423591], 'Mean Training Time': [0.8891342878341675, 0.896990180015564, 1.1035923957824707, 1.1454657912254333, 1.448441505432129, 2.1612237691879272, 3.208123564720154, 4.354080080986023, 4.8013681173324585, 5.3519094586372375, 5.037552297115326, 6.369622468948364, 7.1077481508255005, 7.201987266540527, 8.030258119106293, 8.421632051467896], 'Std Training Time': [0.032501385088795416, 0.027486745949982606, 0.14177224294743906, 0.18019006786078226, 0.14679700006676194, 0.46691956489401687, 0.15720986353293692, 0.19011950855078907, 0.2075991316769914, 0.124909559383084, 1.1198684948981108, 0.09607316525029792, 0.05028065200978631, 0.09060255498089934, 0.2744599878400488, 0.48516597358968827], 'Mean Best Score in CV': [0.5591980735738441, 0.5633713932079396, 0.5617775976648548, 0.5615937125739737, 0.5614414896368536, 0.5621000249203567, 0.5613264246829688, 0.5619838374745649, 0.5618049809499029, 0.5616629110482292, 0.5617039415401123, 0.5619489860861095, 0.5617266072978033, 0.5616256781330142, 0.5617244253223006, 0.5616996562596597], 'Std Best Score in CV': [0.006641186720660954, 0.010495959097581279, 0.010333581366030322, 0.009417275985814684, 0.008708110295550804, 0.00855532502147054, 0.009482234774451988, 0.00856915432227159, 0.008475473477504929, 0.008587246723322547, 0.008731786987896832, 0.008422205732913298, 0.008797605267119592, 0.008776865892481786, 0.008744534576895863, 0.008795138400866272], 'cv_mean_test_score': [0.5591980735738441, 0.5633713932079396, 0.5617775976648548, 0.5615937125739737, 0.5614414896368536, 0.5621000249203567, 0.5613264246829688, 0.5619838374745649, 0.5618049809499029, 0.5616629110482292, 0.5617039415401123, 0.5619489860861095, 0.5617266072978033, 0.5616256781330142, 0.5617244253223006, 0.5616996562596597], 'cv_std_test_score': [0.028043695967139237, 0.024338488688408523, 0.024016086684038186, 0.024339259858141903, 0.02533023551601024, 0.025826578040003264, 0.025005486389733846, 0.025163512306679722, 0.02575081235065842, 0.025962502217018003, 0.025459566025200036, 0.025640729135630667, 0.02584137849692917, 0.025884260309133614, 0.025494807252687615, 0.025677485806001803]}
{'percent': [1, 1, 1, 1, 2, 2, 2, 2, 4, 4, 4, 4, 5, 5, 5, 5, 7, 7, 7, 7, 9, 9, 9, 9, 10, 10, 10, 10, 12, 12, 12, 12, 13, 13, 13, 13, 15, 15, 15, 15, 17, 17, 17, 17, 18, 18, 18, 18, 20, 20, 20, 20, 21, 21, 21, 21, 23, 23, 23, 23, 25, 25, 25, 25], 'n_components': [41, 41, 41, 41, 83, 83, 83, 83, 167, 167, 167, 167, 208, 208, 208, 208, 292, 292, 292, 292, 375, 375, 375, 375, 417, 417, 417, 417, 501, 501, 501, 501, 543, 543, 543, 543, 626, 626, 626, 626, 710, 710, 710, 710, 751, 751, 751, 751, 835, 835, 835, 835, 877, 877, 877, 877, 960, 960, 960, 960, 1044, 1044, 1044, 1044], 'Score in test': [0.5481709951746505, 0.5447423804737609, 0.599439419519811, 0.5612081475608308, 0.5510578167501885, 0.5414470809121998, 0.6026713752127139, 0.5633821218576154, 0.5518069288545246, 0.5431603340382019, 0.5947504766448268, 0.5569889592792733, 0.5509711503676258, 0.5430861211735638, 0.5903340846175607, 0.5599894558643576, 0.5521601119651438, 0.5434918816061582, 0.5893770692776643, 0.5662103030487862, 0.5515803326562589, 0.5417873891438824, 0.5897441428394663, 0.5590800815085695, 0.5520063768392296, 0.5417262583636432, 0.5896744840620207, 0.5617229332300431, 0.551941360365638, 0.5415759546730933, 0.5904245808256187, 0.5668990088367545, 0.5519976564157594, 0.5416828825439624, 0.588532122559908, 0.5660000041628714, 0.5520372021988188, 0.5414071002352083, 0.5896314554799247, 0.568002515443114, 0.5520144860322882, 0.5411790347571103, 0.5873681072291086, 0.5634477385941747, 0.5520098505764958, 0.5409914201084842, 0.5880004940366121, 0.5670955990599198, 0.5520643296639808, 0.540937426525669, 0.5887136027429523, 0.5667296944972897, 0.5495188200727186, 0.5409243569790333, 0.5884696132928242, 0.568078298487547, 0.5520264735649438, 0.5410607518987256, 0.58824653632701, 0.5669531968189969, 0.5495217003731871, 0.5405563773730577, 0.5882807077302971, 0.5676732369312764], 'Training Time': [0.9253487586975098, 0.9176619052886963, 0.8582258224487305, 0.8553006649017334, 0.9430558681488037, 0.877211332321167, 0.874809741973877, 0.8928837776184082, 1.193563461303711, 1.2889776229858398, 0.9694111347198486, 0.9624173641204834, 1.3755688667297363, 1.1933465003967285, 1.1406311988830566, 0.8723165988922119, 1.5612404346466064, 1.5855612754821777, 1.431746482849121, 1.2152178287506104, 1.9476430416107178, 2.784454107284546, 2.3771817684173584, 1.535616159439087, 3.044849157333374, 3.4520533084869385, 3.236523151397705, 3.0990686416625977, 4.594214677810669, 4.477208375930786, 4.118705987930298, 4.226191282272339, 4.9683520793914795, 5.003897428512573, 4.74931001663208, 4.483912944793701, 5.550282001495361, 5.356181383132935, 5.215180397033691, 5.285994052886963, 4.367473840713501, 6.190356016159058, 6.045579195022583, 3.546800136566162, 6.442982196807861, 6.483207941055298, 6.300260543823242, 6.252039194107056, 7.078569412231445, 7.1462554931640625, 7.040895223617554, 7.16527247428894, 7.304541110992432, 7.182480812072754, 7.256612062454224, 7.0643150806427, 8.403128147125244, 8.1482675075531, 7.666764259338379, 7.902872562408447, 7.5948731899261475, 8.833497285842896, 8.663082838058472, 8.595074892044067], 'Best Parameters': [{'regressor__nystroem__gamma': 0.015625, 'regressor__svm__C': 100.0}, {'regressor__nystroem__gamma': 0.015625, 'regressor__svm__C': 100.0}, {'regressor__nystroem__gamma': 0.015625, 'regressor__svm__C': 100.0}, {'regressor__nystroem__gamma': 0.015625, 'regressor__svm__C': 100.0}, {'regressor__nystroem__gamma': 0.015625, 'regressor__svm__C': 100.0}, {'regressor__nystroem__gamma': 0.015625, 'regressor__svm__C': 100.0}, {'regressor__nystroem__gamma': 0.015625, 'regressor__svm__C': 100.0}, {'regressor__nystroem__gamma': 0.015625, 'regressor__svm__C': 100.0}, {'regressor__nystroem__gamma': 0.015625, 'regressor__svm__C': 100.0}, {'regressor__nystroem__gamma': 0.015625, 'regressor__svm__C': 100.0}, {'regressor__nystroem__gamma': 0.1767766952966369, 'regressor__svm__C': 3.1622776601683795}, {'regressor__nystroem__gamma': 0.1767766952966369, 'regressor__svm__C': 3.1622776601683795}, {'regressor__nystroem__gamma': 0.015625, 'regressor__svm__C': 100.0}, {'regressor__nystroem__gamma': 0.015625, 'regressor__svm__C': 100.0}, {'regressor__nystroem__gamma': 0.1767766952966369, 'regressor__svm__C': 3.1622776601683795}, {'regressor__nystroem__gamma': 0.1767766952966369, 'regressor__svm__C': 3.1622776601683795}, {'regressor__nystroem__gamma': 0.015625, 'regressor__svm__C': 100.0}, {'regressor__nystroem__gamma': 0.015625, 'regressor__svm__C': 100.0}, {'regressor__nystroem__gamma': 0.1767766952966369, 'regressor__svm__C': 3.1622776601683795}, {'regressor__nystroem__gamma': 0.1767766952966369, 'regressor__svm__C': 3.1622776601683795}, {'regressor__nystroem__gamma': 0.015625, 'regressor__svm__C': 100.0}, {'regressor__nystroem__gamma': 0.015625, 'regressor__svm__C': 100.0}, {'regressor__nystroem__gamma': 0.1767766952966369, 'regressor__svm__C': 3.1622776601683795}, {'regressor__nystroem__gamma': 0.1767766952966369, 'regressor__svm__C': 3.1622776601683795}, {'regressor__nystroem__gamma': 0.015625, 'regressor__svm__C': 100.0}, {'regressor__nystroem__gamma': 0.015625, 'regressor__svm__C': 100.0}, {'regressor__nystroem__gamma': 0.1767766952966369, 'regressor__svm__C': 3.1622776601683795}, {'regressor__nystroem__gamma': 0.1767766952966369, 'regressor__svm__C': 3.1622776601683795}, {'regressor__nystroem__gamma': 0.015625, 'regressor__svm__C': 100.0}, {'regressor__nystroem__gamma': 0.015625, 'regressor__svm__C': 100.0}, {'regressor__nystroem__gamma': 0.1767766952966369, 'regressor__svm__C': 3.1622776601683795}, {'regressor__nystroem__gamma': 0.1767766952966369, 'regressor__svm__C': 3.1622776601683795}, {'regressor__nystroem__gamma': 0.015625, 'regressor__svm__C': 100.0}, {'regressor__nystroem__gamma': 0.015625, 'regressor__svm__C': 100.0}, {'regressor__nystroem__gamma': 0.1767766952966369, 'regressor__svm__C': 3.1622776601683795}, {'regressor__nystroem__gamma': 0.1767766952966369, 'regressor__svm__C': 3.1622776601683795}, {'regressor__nystroem__gamma': 0.015625, 'regressor__svm__C': 100.0}, {'regressor__nystroem__gamma': 0.015625, 'regressor__svm__C': 100.0}, {'regressor__nystroem__gamma': 0.1767766952966369, 'regressor__svm__C': 3.1622776601683795}, {'regressor__nystroem__gamma': 0.1767766952966369, 'regressor__svm__C': 3.1622776601683795}, {'regressor__nystroem__gamma': 0.015625, 'regressor__svm__C': 100.0}, {'regressor__nystroem__gamma': 0.015625, 'regressor__svm__C': 100.0}, {'regressor__nystroem__gamma': 0.1767766952966369, 'regressor__svm__C': 3.1622776601683795}, {'regressor__nystroem__gamma': 0.1767766952966369, 'regressor__svm__C': 3.1622776601683795}, {'regressor__nystroem__gamma': 0.015625, 'regressor__svm__C': 100.0}, {'regressor__nystroem__gamma': 0.015625, 'regressor__svm__C': 100.0}, {'regressor__nystroem__gamma': 0.1767766952966369, 'regressor__svm__C': 3.1622776601683795}, {'regressor__nystroem__gamma': 0.1767766952966369, 'regressor__svm__C': 3.1622776601683795}, {'regressor__nystroem__gamma': 0.015625, 'regressor__svm__C': 100.0}, {'regressor__nystroem__gamma': 0.015625, 'regressor__svm__C': 100.0}, {'regressor__nystroem__gamma': 0.1767766952966369, 'regressor__svm__C': 3.1622776601683795}, {'regressor__nystroem__gamma': 0.1767766952966369, 'regressor__svm__C': 3.1622776601683795}, {'regressor__nystroem__gamma': 0.015625, 'regressor__svm__C': 100.0}, {'regressor__nystroem__gamma': 0.015625, 'regressor__svm__C': 100.0}, {'regressor__nystroem__gamma': 0.1767766952966369, 'regressor__svm__C': 3.1622776601683795}, {'regressor__nystroem__gamma': 0.1767766952966369, 'regressor__svm__C': 3.1622776601683795}, {'regressor__nystroem__gamma': 0.015625, 'regressor__svm__C': 100.0}, {'regressor__nystroem__gamma': 0.015625, 'regressor__svm__C': 100.0}, {'regressor__nystroem__gamma': 0.1767766952966369, 'regressor__svm__C': 3.1622776601683795}, {'regressor__nystroem__gamma': 0.1767766952966369, 'regressor__svm__C': 3.1622776601683795}, {'regressor__nystroem__gamma': 0.015625, 'regressor__svm__C': 100.0}, {'regressor__nystroem__gamma': 0.015625, 'regressor__svm__C': 100.0}, {'regressor__nystroem__gamma': 0.1767766952966369, 'regressor__svm__C': 3.1622776601683795}, {'regressor__nystroem__gamma': 0.1767766952966369, 'regressor__svm__C': 3.1622776601683795}], 'Best Score in CV': [0.5637681352084509, 0.5635978470521301, 0.5477867932181301, 0.5616395188166653, 0.5703357858771337, 0.5717164673439142, 0.545584342326183, 0.5658489772845274, 0.5715802207746876, 0.5678821930330245, 0.5446791999893309, 0.5629687768623765, 0.5709300828162556, 0.5674681737624412, 0.5463274043515574, 0.5616491893656408, 0.5710839545826965, 0.5656821396896967, 0.5475719434127054, 0.5614279208623157, 0.5710696169233854, 0.5663390323448085, 0.5481773226886886, 0.5628141277245441, 0.5710881124025182, 0.5664612458551183, 0.5459081896509724, 0.5618481508232663, 0.5710815072859032, 0.5665233579297193, 0.5481881261012642, 0.5621423585813727, 0.571149077852094, 0.5662535944152151, 0.5483850966465202, 0.5614321548857825, 0.5711525822609863, 0.5664681685791546, 0.5482048852278864, 0.5608260081248897, 0.5712628580740008, 0.5663761055214159, 0.5478611214413383, 0.5613156811236942, 0.5712793933791757, 0.5665319889338928, 0.5487120624128401, 0.5612724996185297, 0.571165007274056, 0.566424910317729, 0.5476400365610342, 0.561676475038394, 0.5711336410335994, 0.5663725564937915, 0.5476572401366848, 0.5613392748679813, 0.5711626058888586, 0.5664065690751299, 0.547765928657284, 0.56156259766793, 0.5712191017140842, 0.5663998331685821, 0.547675819363956, 0.5615038707920166], 'cv_mean_test_score': [0.5637681352084509, 0.5635978470521301, 0.5477867932181301, 0.5616395188166653, 0.5703357858771337, 0.5717164673439142, 0.545584342326183, 0.5658489772845274, 0.5715802207746876, 0.5678821930330245, 0.5446791999893309, 0.5629687768623765, 0.5709300828162556, 0.5674681737624412, 0.5463274043515574, 0.5616491893656408, 0.5710839545826965, 0.5656821396896967, 0.5475719434127054, 0.5614279208623157, 0.5710696169233854, 0.5663390323448085, 0.5481773226886886, 0.5628141277245441, 0.5710881124025182, 0.5664612458551183, 0.5459081896509724, 0.5618481508232663, 0.5710815072859032, 0.5665233579297193, 0.5481881261012642, 0.5621423585813727, 0.571149077852094, 0.5662535944152151, 0.5483850966465202, 0.5614321548857825, 0.5711525822609863, 0.5664681685791546, 0.5482048852278864, 0.5608260081248897, 0.5712628580740008, 0.5663761055214159, 0.5478611214413383, 0.5613156811236942, 0.5712793933791757, 0.5665319889338928, 0.5487120624128401, 0.5612724996185297, 0.571165007274056, 0.566424910317729, 0.5476400365610342, 0.561676475038394, 0.5711336410335994, 0.5663725564937915, 0.5476572401366848, 0.5613392748679813, 0.5711626058888586, 0.5664065690751299, 0.547765928657284, 0.56156259766793, 0.5712191017140842, 0.5663998331685821, 0.547675819363956, 0.5615038707920166], 'cv_std_test_score': [0.036088915266856335, 0.030724276613931314, 0.009440217270347365, 0.03592137471742194, 0.03168303012986582, 0.02641713782971126, 0.00873629014258107, 0.03051749665147595, 0.032875507897782395, 0.030810540585074327, 0.006869873693914051, 0.02550842455938197, 0.03337280592538554, 0.031799839017634085, 0.006813542502049345, 0.025370851987498656, 0.03310590053317459, 0.03480950585524465, 0.009583641931928165, 0.023821893743693562, 0.03304732907437489, 0.033768063065109766, 0.010545814008582222, 0.025945106011946186, 0.03305349034134956, 0.03356444488834165, 0.007271801579854888, 0.0261322087493893, 0.03304509726176417, 0.033428400707652746, 0.0073813702998804425, 0.026799180957421537, 0.03300977547100168, 0.033883614041836436, 0.009459633543855667, 0.026650226345939904, 0.03299841042039407, 0.0335652767787202, 0.01030490143118789, 0.02698142023776985, 0.03287698121346113, 0.03366482781923632, 0.008660453625367187, 0.026636001442735507, 0.032938242942636455, 0.033546926545232184, 0.00923030640751299, 0.026847440647141032, 0.032994138285848434, 0.033671300892122856, 0.009329391969211315, 0.02737068284053407, 0.032929320663573604, 0.033664367395472086, 0.009495306048802186, 0.027448047128686565, 0.03293849015077592, 0.03367379703016811, 0.008561632103628768, 0.026805309726177652, 0.032898940567445786, 0.033685256290462276, 0.009127496393621943, 0.02699824997247721]}
