
    --------------------
    'Model: Nystrom and ridge regression 
    	Dataset: abalone (regression) of shape (4177, 8) 	CV: 5 	n_jobs: 5
    	 params: {'regressor__nystroem__gamma': array([1.22070312e-04, 1.38106793e-03, 1.56250000e-02, 1.76776695e-01,
       2.00000000e+00]), 'regressor__ridge_regression__alpha': array([1.00000000e-04, 3.16227766e-03, 1.00000000e-01, 3.16227766e+00,
       1.00000000e+02])} 
    	 number of hyperparameter 25
    
        	 n components [41, 83, 167, 208, 292, 375, 417, 501, 543, 626, 710, 751, 835, 877, 960, 1044]
        	 which correspond with the [1, 2, 4, 5, 7, 9, 10, 12, 13, 15, 17, 18, 20, 21, 23, 25] % of the data
        --------------------
        
{'percent': [1, 2, 4, 5, 7, 9, 10, 12, 13, 15, 17, 18, 20, 21, 23, 25], 'n_components': [41, 83, 167, 208, 292, 375, 417, 501, 543, 626, 710, 751, 835, 877, 960, 1044], 'Mean Score in test': [0.5719715659769928, 0.5730822712670431, 0.56952379292565, 0.5708458449645195, 0.5708024512169225, 0.5714390457362071, 0.5693741807082576, 0.5702839201955251, 0.5700056705352692, 0.5698016628027153, 0.5696571340390699, 0.5694897298789574, 0.5695685735318619, 0.5695512712002608, 0.5693894140723784, 0.5690923185181892], 'Std Score in test': [0.029699672335816003, 0.024481354147939102, 0.023914706057190323, 0.025702237355011086, 0.0252771960127873, 0.026646801206331408, 0.02652265177881499, 0.026007344628717427, 0.02616455215184716, 0.026272396054270078, 0.02635642142949456, 0.02652931295009271, 0.02640818454273174, 0.026418285662087593, 0.026517363075242283, 0.02669868982373513], 'Mean Training Time': [0.028557121753692627, 0.05254405736923218, 0.10628759860992432, 0.12937206029891968, 0.1645740270614624, 0.2477831244468689, 0.27002018690109253, 0.3096665143966675, 0.3453640937805176, 0.4050166606903076, 0.47174686193466187, 0.5030111074447632, 0.6309075355529785, 0.6839973330497742, 0.8416644930839539, 0.9019913077354431], 'Std Training Time': [0.0007116843981986772, 0.012777694820491728, 0.037752751565271664, 0.031011307720202042, 0.0424305029150994, 0.015450338999982606, 0.03075357265418398, 0.0107782236484739, 0.004914624119265024, 0.03489903099237416, 0.04904916379979408, 0.03293334725362451, 0.03499978223347636, 0.05012506665003256, 0.04489720923169319, 0.017063248411157497], 'Mean Best Score in CV': [0.569373083763263, 0.5720186887391058, 0.5713998294754264, 0.5706090066516758, 0.5715006336643595, 0.5707598879476015, 0.5710456939997313, 0.5710064851414524, 0.5715174220129329, 0.571009636551808, 0.5706636765791806, 0.5711347164411895, 0.5708725207920794, 0.5710043058466812, 0.5710899713005054, 0.5712920002167265], 'Std Best Score in CV': [0.008187700874057846, 0.008538586299256, 0.009200310441714802, 0.010059294696079489, 0.008790079929885565, 0.01005148919103377, 0.010552258563854717, 0.01053790326858348, 0.0110170954214965, 0.01051339715115177, 0.010252931627276526, 0.010706321134852878, 0.010657717140337322, 0.010521084363802488, 0.010810065399242818, 0.010821987963882451], 'cv_mean_test_score': [0.569373083763263, 0.5720186887391058, 0.5713998294754264, 0.5706090066516758, 0.5715006336643595, 0.5707598879476015, 0.5710456939997313, 0.5710064851414524, 0.5715174220129329, 0.571009636551808, 0.5706636765791806, 0.5711347164411895, 0.5708725207920794, 0.5710043058466812, 0.5710899713005054, 0.5712920002167265], 'cv_std_test_score': [0.02691578743050101, 0.02475364097566305, 0.0252210795980419, 0.025939920425070834, 0.026488177938946235, 0.02677426200775225, 0.02502571634014863, 0.025366080102135896, 0.025092108067932273, 0.025611736901538923, 0.025582547070746586, 0.025386620186846853, 0.025569826782012955, 0.025317906101804965, 0.02561092103183987, 0.025451910599159102]}
{'percent': [1, 1, 1, 1, 2, 2, 2, 2, 4, 4, 4, 4, 5, 5, 5, 5, 7, 7, 7, 7, 9, 9, 9, 9, 10, 10, 10, 10, 12, 12, 12, 12, 13, 13, 13, 13, 15, 15, 15, 15, 17, 17, 17, 17, 18, 18, 18, 18, 20, 20, 20, 20, 21, 21, 21, 21, 23, 23, 23, 23, 25, 25, 25, 25], 'n_components': [41, 41, 41, 41, 83, 83, 83, 83, 167, 167, 167, 167, 208, 208, 208, 208, 292, 292, 292, 292, 375, 375, 375, 375, 417, 417, 417, 417, 501, 501, 501, 501, 543, 543, 543, 543, 626, 626, 626, 626, 710, 710, 710, 710, 751, 751, 751, 751, 835, 835, 835, 835, 877, 877, 877, 877, 960, 960, 960, 960, 1044, 1044, 1044, 1044], 'Score in test': [0.5569055654029635, 0.5510788581487733, 0.6232546600488011, 0.5566471803074333, 0.5598974457700101, 0.5549321129499529, 0.6152369140970422, 0.5622626122511675, 0.558266440162672, 0.5510020954370778, 0.6106285376497498, 0.5581980984531003, 0.5590905217476565, 0.550930900976002, 0.6150193314638099, 0.5583426256706094, 0.5597068195878918, 0.5509195863975982, 0.6141975373366412, 0.558385861545559, 0.5593969733768538, 0.5507363076830647, 0.6172264291341765, 0.5583964727507335, 0.553606271563485, 0.5504477469387263, 0.61505083027888, 0.5583918740519391, 0.5569790130829182, 0.5507113848731062, 0.6150507202023846, 0.5583945626236914, 0.5558205217084253, 0.5506062347668383, 0.615054081114043, 0.5585418445517699, 0.5551251173862823, 0.5506252716086993, 0.6150548813148344, 0.5584013809010451, 0.5545835804276915, 0.550585625112622, 0.6150560371477878, 0.5584032934681783, 0.5537940259437082, 0.550567190572913, 0.6151853692857588, 0.5584123337134494, 0.5542478881336388, 0.5505657234762598, 0.615055988550936, 0.5584046939666127, 0.5541749957513329, 0.5505703260869925, 0.6150564400690232, 0.5584033228936949, 0.5536442526301281, 0.5504512178479696, 0.6150564273544259, 0.5584057584569901, 0.5524479125835927, 0.5504515490075141, 0.6150566630123295, 0.5584131494693203], 'Training Time': [0.027367830276489258, 0.028861045837402344, 0.02874755859375, 0.029252052307128906, 0.045884132385253906, 0.04512357711791992, 0.044508934020996094, 0.07465958595275879, 0.0846247673034668, 0.05541229248046875, 0.140045166015625, 0.14506816864013672, 0.11062955856323242, 0.1175069808959961, 0.1826648712158203, 0.10668683052062988, 0.1454014778137207, 0.16686391830444336, 0.2308342456817627, 0.11519646644592285, 0.24756097793579102, 0.22412490844726562, 0.2671380043029785, 0.25230860710144043, 0.28638529777526855, 0.2897062301635742, 0.28719353675842285, 0.2167956829071045, 0.3112149238586426, 0.2919590473175049, 0.3147318363189697, 0.32076025009155273, 0.3466780185699463, 0.3377878665924072, 0.3514852523803711, 0.3455052375793457, 0.3548853397369385, 0.4043877124786377, 0.45352602005004883, 0.40726757049560547, 0.519935131072998, 0.4132814407348633, 0.4331238269805908, 0.5206470489501953, 0.5219125747680664, 0.5288653373718262, 0.4466392993927002, 0.51462721824646, 0.6824984550476074, 0.5918831825256348, 0.642463207244873, 0.6067852973937988, 0.6788804531097412, 0.7516665458679199, 0.6944847106933594, 0.6109576225280762, 0.9028561115264893, 0.7983791828155518, 0.8665099143981934, 0.798912763595581, 0.9114358425140381, 0.892817497253418, 0.9241182804107666, 0.8795936107635498], 'Best Parameters': [{'regressor__nystroem__gamma': 0.015625, 'regressor__ridge_regression__alpha': 0.0001}, {'regressor__nystroem__gamma': 0.015625, 'regressor__ridge_regression__alpha': 0.0031622776601683794}, {'regressor__nystroem__gamma': 0.015625, 'regressor__ridge_regression__alpha': 0.0001}, {'regressor__nystroem__gamma': 0.015625, 'regressor__ridge_regression__alpha': 0.1}, {'regressor__nystroem__gamma': 0.015625, 'regressor__ridge_regression__alpha': 0.0031622776601683794}, {'regressor__nystroem__gamma': 0.015625, 'regressor__ridge_regression__alpha': 0.0031622776601683794}, {'regressor__nystroem__gamma': 0.1767766952966369, 'regressor__ridge_regression__alpha': 0.1}, {'regressor__nystroem__gamma': 0.1767766952966369, 'regressor__ridge_regression__alpha': 0.1}, {'regressor__nystroem__gamma': 0.015625, 'regressor__ridge_regression__alpha': 0.0031622776601683794}, {'regressor__nystroem__gamma': 0.015625, 'regressor__ridge_regression__alpha': 0.1}, {'regressor__nystroem__gamma': 0.1767766952966369, 'regressor__ridge_regression__alpha': 0.1}, {'regressor__nystroem__gamma': 0.015625, 'regressor__ridge_regression__alpha': 0.1}, {'regressor__nystroem__gamma': 0.015625, 'regressor__ridge_regression__alpha': 0.0031622776601683794}, {'regressor__nystroem__gamma': 0.015625, 'regressor__ridge_regression__alpha': 0.1}, {'regressor__nystroem__gamma': 0.015625, 'regressor__ridge_regression__alpha': 0.1}, {'regressor__nystroem__gamma': 0.015625, 'regressor__ridge_regression__alpha': 0.1}, {'regressor__nystroem__gamma': 0.015625, 'regressor__ridge_regression__alpha': 0.0031622776601683794}, {'regressor__nystroem__gamma': 0.015625, 'regressor__ridge_regression__alpha': 0.1}, {'regressor__nystroem__gamma': 0.1767766952966369, 'regressor__ridge_regression__alpha': 0.1}, {'regressor__nystroem__gamma': 0.015625, 'regressor__ridge_regression__alpha': 0.1}, {'regressor__nystroem__gamma': 0.015625, 'regressor__ridge_regression__alpha': 0.0031622776601683794}, {'regressor__nystroem__gamma': 0.015625, 'regressor__ridge_regression__alpha': 0.1}, {'regressor__nystroem__gamma': 0.1767766952966369, 'regressor__ridge_regression__alpha': 0.1}, {'regressor__nystroem__gamma': 0.015625, 'regressor__ridge_regression__alpha': 0.1}, {'regressor__nystroem__gamma': 0.1767766952966369, 'regressor__ridge_regression__alpha': 0.1}, {'regressor__nystroem__gamma': 0.015625, 'regressor__ridge_regression__alpha': 0.1}, {'regressor__nystroem__gamma': 0.015625, 'regressor__ridge_regression__alpha': 0.1}, {'regressor__nystroem__gamma': 0.015625, 'regressor__ridge_regression__alpha': 0.1}, {'regressor__nystroem__gamma': 0.1767766952966369, 'regressor__ridge_regression__alpha': 0.1}, {'regressor__nystroem__gamma': 0.015625, 'regressor__ridge_regression__alpha': 0.1}, {'regressor__nystroem__gamma': 0.015625, 'regressor__ridge_regression__alpha': 0.1}, {'regressor__nystroem__gamma': 0.015625, 'regressor__ridge_regression__alpha': 0.1}, {'regressor__nystroem__gamma': 0.1767766952966369, 'regressor__ridge_regression__alpha': 0.1}, {'regressor__nystroem__gamma': 0.015625, 'regressor__ridge_regression__alpha': 0.1}, {'regressor__nystroem__gamma': 0.015625, 'regressor__ridge_regression__alpha': 0.1}, {'regressor__nystroem__gamma': 0.015625, 'regressor__ridge_regression__alpha': 0.1}, {'regressor__nystroem__gamma': 0.1767766952966369, 'regressor__ridge_regression__alpha': 0.1}, {'regressor__nystroem__gamma': 0.015625, 'regressor__ridge_regression__alpha': 0.1}, {'regressor__nystroem__gamma': 0.015625, 'regressor__ridge_regression__alpha': 0.1}, {'regressor__nystroem__gamma': 0.015625, 'regressor__ridge_regression__alpha': 0.1}, {'regressor__nystroem__gamma': 0.1767766952966369, 'regressor__ridge_regression__alpha': 0.1}, {'regressor__nystroem__gamma': 0.015625, 'regressor__ridge_regression__alpha': 0.1}, {'regressor__nystroem__gamma': 0.015625, 'regressor__ridge_regression__alpha': 0.1}, {'regressor__nystroem__gamma': 0.015625, 'regressor__ridge_regression__alpha': 0.1}, {'regressor__nystroem__gamma': 0.1767766952966369, 'regressor__ridge_regression__alpha': 0.1}, {'regressor__nystroem__gamma': 0.015625, 'regressor__ridge_regression__alpha': 0.1}, {'regressor__nystroem__gamma': 0.015625, 'regressor__ridge_regression__alpha': 0.1}, {'regressor__nystroem__gamma': 0.015625, 'regressor__ridge_regression__alpha': 0.1}, {'regressor__nystroem__gamma': 0.1767766952966369, 'regressor__ridge_regression__alpha': 0.1}, {'regressor__nystroem__gamma': 0.015625, 'regressor__ridge_regression__alpha': 0.1}, {'regressor__nystroem__gamma': 0.015625, 'regressor__ridge_regression__alpha': 0.1}, {'regressor__nystroem__gamma': 0.015625, 'regressor__ridge_regression__alpha': 0.1}, {'regressor__nystroem__gamma': 0.1767766952966369, 'regressor__ridge_regression__alpha': 0.1}, {'regressor__nystroem__gamma': 0.015625, 'regressor__ridge_regression__alpha': 0.1}, {'regressor__nystroem__gamma': 0.015625, 'regressor__ridge_regression__alpha': 0.1}, {'regressor__nystroem__gamma': 0.015625, 'regressor__ridge_regression__alpha': 0.1}, {'regressor__nystroem__gamma': 0.1767766952966369, 'regressor__ridge_regression__alpha': 0.1}, {'regressor__nystroem__gamma': 0.015625, 'regressor__ridge_regression__alpha': 0.1}, {'regressor__nystroem__gamma': 0.015625, 'regressor__ridge_regression__alpha': 0.1}, {'regressor__nystroem__gamma': 0.015625, 'regressor__ridge_regression__alpha': 0.1}, {'regressor__nystroem__gamma': 0.1767766952966369, 'regressor__ridge_regression__alpha': 0.1}, {'regressor__nystroem__gamma': 0.015625, 'regressor__ridge_regression__alpha': 0.1}, {'regressor__nystroem__gamma': 0.015625, 'regressor__ridge_regression__alpha': 0.1}, {'regressor__nystroem__gamma': 0.015625, 'regressor__ridge_regression__alpha': 0.1}], 'Best Score in CV': [0.5721527970367498, 0.5776167509265516, 0.5557462388912853, 0.5719765481984652, 0.5798258803418606, 0.5771636710377862, 0.5577860775669021, 0.5732991260098743, 0.5806406714875585, 0.5756376751793711, 0.5561636379572755, 0.5731573332775004, 0.5800520388627202, 0.5755799103625808, 0.5537325991074742, 0.5730714782739277, 0.5803369253746639, 0.5756418111728987, 0.5569612697414844, 0.5730625283683911, 0.5803602038311032, 0.5756191793831015, 0.5539433528429762, 0.5731168157332247, 0.5818768968960143, 0.5756100314562967, 0.5536334712083155, 0.5730623764382987, 0.5817413509479417, 0.5756437475062305, 0.5535916772311507, 0.5730491648804868, 0.5836633050124262, 0.5756283202955578, 0.5536694084689353, 0.5731086542748122, 0.5817538414058678, 0.575633384570081, 0.5536503795717561, 0.573000940659527, 0.5806830947075649, 0.5756419112947754, 0.5536031015753358, 0.5727265987390465, 0.5823246700384, 0.575637811445679, 0.5535446703018165, 0.5730317139788621, 0.581765622221251, 0.5756455516621861, 0.5532877264486455, 0.572791182836235, 0.581691760169716, 0.5756577738014623, 0.5536069625587783, 0.5730607268567678, 0.5823579413025898, 0.5756577373048982, 0.5533178363516374, 0.5730263702428965, 0.5828220280817519, 0.5756408934035557, 0.5535919758608394, 0.5731131035207593], 'cv_mean_test_score': [0.5721527970367498, 0.5776167509265516, 0.5557462388912853, 0.5719765481984652, 0.5798258803418606, 0.5771636710377862, 0.5577860775669021, 0.5732991260098743, 0.5806406714875585, 0.5756376751793711, 0.5561636379572755, 0.5731573332775004, 0.5800520388627202, 0.5755799103625808, 0.5537325991074742, 0.5730714782739277, 0.5803369253746639, 0.5756418111728987, 0.5569612697414844, 0.5730625283683911, 0.5803602038311032, 0.5756191793831015, 0.5539433528429762, 0.5731168157332247, 0.5818768968960143, 0.5756100314562967, 0.5536334712083155, 0.5730623764382987, 0.5817413509479417, 0.5756437475062305, 0.5535916772311507, 0.5730491648804868, 0.5836633050124262, 0.5756283202955578, 0.5536694084689353, 0.5731086542748122, 0.5817538414058678, 0.575633384570081, 0.5536503795717561, 0.573000940659527, 0.5806830947075649, 0.5756419112947754, 0.5536031015753358, 0.5727265987390465, 0.5823246700384, 0.575637811445679, 0.5535446703018165, 0.5730317139788621, 0.581765622221251, 0.5756455516621861, 0.5532877264486455, 0.572791182836235, 0.581691760169716, 0.5756577738014623, 0.5536069625587783, 0.5730607268567678, 0.5823579413025898, 0.5756577373048982, 0.5533178363516374, 0.5730263702428965, 0.5828220280817519, 0.5756408934035557, 0.5535919758608394, 0.5731131035207593], 'cv_std_test_score': [0.04028437046608125, 0.028676228501422908, 0.012228183127363894, 0.026474367627135995, 0.03781581792176569, 0.03181902990812237, 0.00719997106259598, 0.022179745010168162, 0.03786974909193132, 0.029104315804778246, 0.006653808173453318, 0.02725644532200472, 0.03810383727488644, 0.029203880801405808, 0.009115105336102347, 0.02733685828788873, 0.03831573415555109, 0.02916626483970323, 0.011130105076245705, 0.027340607684284916, 0.038155580437595295, 0.029191698198833854, 0.0124206637303019, 0.027329105664277955, 0.03440038529745296, 0.029191601605700685, 0.00915669235505419, 0.0273541861023867, 0.035806156042453366, 0.029175659165506573, 0.00912906111508328, 0.02735344408550036, 0.034567945172480026, 0.02919459397747733, 0.009117673786592437, 0.027488219335179302, 0.036622707651287174, 0.029207896163668475, 0.009239153988863522, 0.027377189802336527, 0.03636524547042033, 0.02920343030629561, 0.009164017240762053, 0.02759749526550837, 0.03581258418864527, 0.02919202486686158, 0.009179727706388722, 0.027362143985491843, 0.03604383055343515, 0.029190394609207932, 0.009477848881556946, 0.02756723308385178, 0.035587397409041044, 0.029198751823721277, 0.009138892982018103, 0.02734658219243943, 0.03637813116638928, 0.02919847175117399, 0.009500763474507902, 0.027366317735288304, 0.03594431625214347, 0.029196103088312452, 0.009175825305808294, 0.027491397750372192]}
