
    --------------------
    'Model: Random Fourier features and ridge regression 
    	Dataset: abalone (regression) of shape (4177, 8) 	CV: 5 	n_jobs: 5
    	 params: {'regressor__fourier_random_features__gamma': [0.0001220703125, 0.0013810679320049757, 0.015625, 0.1767766952966369, 2.0], 'regressor__ridge_regression__alpha': array([1.00000000e-04, 3.16227766e-03, 1.00000000e-01, 3.16227766e+00,
       1.00000000e+02])} 
    	 number of hyperparameter 25
    
        	 n components [41, 83, 167, 208, 292, 375, 417, 501, 543, 626, 710, 751, 835, 877, 960, 1044]
        	 which correspond with the [1, 2, 4, 5, 7, 9, 10, 12, 13, 15, 17, 18, 20, 21, 23, 25] % of the data
        --------------------
        
{'percent': [1, 2, 4, 5, 7, 9, 10, 12, 13, 15, 17, 18, 20, 21, 23, 25], 'n_components': [41, 83, 167, 208, 292, 375, 417, 501, 543, 626, 710, 751, 835, 877, 960, 1044], 'Mean Score in test': [0.5511986734262878, 0.5397279144596105, 0.5693492184699327, 0.5683560675783532, 0.5393365613477743, 0.5608152808521579, 0.5688047201339979, 0.555956733322388, 0.5692558454483754, 0.5649505398114953, 0.5705053080289924, 0.56982795754233, 0.5737560605378884, 0.5720496196030443, 0.5695794080042997, 0.5662716696656068], 'Std Score in test': [0.028488942400606686, 0.07014113957229985, 0.03135107734403397, 0.023414350977251207, 0.07074225455277817, 0.03050385561695882, 0.031476325996263474, 0.04400096957206079, 0.02549631363871344, 0.029743428721603665, 0.02520029090135022, 0.025488217768640912, 0.030152921967920257, 0.02963379709657784, 0.02590863926339, 0.02787344594337582], 'Mean Training Time': [0.020623326301574707, 0.040218889713287354, 0.04992640018463135, 0.05599099397659302, 0.08050298690795898, 0.120144784450531, 0.10734051465988159, 0.14529788494110107, 0.12909579277038574, 0.19174069166183472, 0.21611201763153076, 0.20712685585021973, 0.26254338026046753, 0.2792509198188782, 0.3316341042518616, 0.35258787870407104], 'Std Training Time': [0.007040367378922042, 0.014629486126308286, 0.011209361362847371, 0.005389727558672477, 0.021619033282695158, 0.028046562710505492, 0.012534034205194186, 0.012557702480455981, 0.0022989870351226216, 0.04429389325590535, 0.03354408681639274, 0.024812439020957942, 0.018913479398509337, 0.017496729723309887, 0.021924172301536583, 0.01832655864606133], 'Mean Best Score in CV': [0.5562581086294035, 0.5657626539038902, 0.5678184201008789, 0.5685284513594492, 0.5703680125497527, 0.5693624826628936, 0.5704175686068604, 0.5702519780625603, 0.5697908097136621, 0.5699052885094199, 0.5702019045289051, 0.5703490598724907, 0.5705492092013975, 0.5712369473051205, 0.5708375140297348, 0.5700039213318009], 'Std Best Score in CV': [0.01105276522866392, 0.01047596239286795, 0.008428634980504397, 0.009752108090921904, 0.011006210239541799, 0.010889234377747584, 0.011165862047258715, 0.010566049406705134, 0.009814266041725583, 0.00939024883307898, 0.010870837896489648, 0.01031116119937168, 0.011255247723025528, 0.010440213186616457, 0.009574171525049302, 0.01069226021562087], 'cv_mean_test_score': [0.5562581086294035, 0.5657626539038902, 0.5678184201008789, 0.5685284513594492, 0.5703680125497527, 0.5693624826628936, 0.5704175686068604, 0.5702519780625603, 0.5697908097136621, 0.5699052885094199, 0.5702019045289051, 0.5703490598724907, 0.5705492092013975, 0.5712369473051205, 0.5708375140297348, 0.5700039213318009], 'cv_std_test_score': [0.027538499169976506, 0.024822846412221083, 0.023851445481087048, 0.027922588108260257, 0.025834829334181818, 0.025719629721241935, 0.024543414804055606, 0.025454198087837644, 0.027455983325306632, 0.028050641585335302, 0.025958763805371387, 0.026326015651299703, 0.02631292040461308, 0.027222259335498, 0.02561173914522448, 0.024326446825328786]}
{'percent': [1, 1, 1, 1, 2, 2, 2, 2, 4, 4, 4, 4, 5, 5, 5, 5, 7, 7, 7, 7, 9, 9, 9, 9, 10, 10, 10, 10, 12, 12, 12, 12, 13, 13, 13, 13, 15, 15, 15, 15, 17, 17, 17, 17, 18, 18, 18, 18, 20, 20, 20, 20, 21, 21, 21, 21, 23, 23, 23, 23, 25, 25, 25, 25], 'n_components': [41, 41, 41, 41, 83, 83, 83, 83, 167, 167, 167, 167, 208, 208, 208, 208, 292, 292, 292, 292, 375, 375, 375, 375, 417, 417, 417, 417, 501, 501, 501, 501, 543, 543, 543, 543, 626, 626, 626, 626, 710, 710, 710, 710, 751, 751, 751, 751, 835, 835, 835, 835, 877, 877, 877, 877, 960, 960, 960, 960, 1044, 1044, 1044, 1044], 'Score in test': [0.5440812886366497, 0.5190240913279209, 0.5971950755197917, 0.5444942382207889, 0.5590313837488521, 0.4261466115748118, 0.6181847701795032, 0.5555488923352747, 0.5549604245398547, 0.5488433266622766, 0.6235063125404168, 0.5500868101371827, 0.5602832393266479, 0.5502143259884311, 0.6084358583788196, 0.5544908466195143, 0.5574934329656775, 0.42479075091841334, 0.6185313362388742, 0.5565307252681324, 0.5315553300070435, 0.5441551307560764, 0.6114692626985446, 0.5560813999469675, 0.5530059313698114, 0.5419059350295167, 0.6223897337337201, 0.5579172804029433, 0.5614726629362643, 0.4903196927750041, 0.6142875977002764, 0.5577469798780075, 0.5543276782377156, 0.5516708803862049, 0.6132578164210163, 0.5577670067485645, 0.5553520833365804, 0.5336722901304505, 0.6139613830292715, 0.5568164027496789, 0.5552618779899701, 0.5529234199437587, 0.6139363214365939, 0.5598996127456466, 0.5588509277701881, 0.5504150173964422, 0.6136539083997472, 0.5563919766029424, 0.5582598283297758, 0.5532248852748984, 0.6258736159469835, 0.5576659125998956, 0.5575995798230187, 0.5496561000125555, 0.6230570588535639, 0.5578857397230395, 0.5556077794373135, 0.5509275873845755, 0.614261793660263, 0.5575204715350472, 0.5457688020785414, 0.5483920538056819, 0.6140203989769721, 0.5569054238012319], 'Training Time': [0.020296812057495117, 0.019578218460083008, 0.011406421661376953, 0.03121185302734375, 0.027693986892700195, 0.0415339469909668, 0.06363749504089355, 0.028010129928588867, 0.056966304779052734, 0.05610322952270508, 0.05611538887023926, 0.03052067756652832, 0.054744720458984375, 0.05174827575683594, 0.05234885215759277, 0.06512212753295898, 0.05339837074279785, 0.07806205749511719, 0.07666873931884766, 0.11388278007507324, 0.1390087604522705, 0.13709568977355957, 0.13274884223937988, 0.07172584533691406, 0.10183906555175781, 0.11212682723999023, 0.09074258804321289, 0.12465357780456543, 0.1261744499206543, 0.14539313316345215, 0.16129398345947266, 0.1483299732208252, 0.12813138961791992, 0.1328601837158203, 0.12872552871704102, 0.12666606903076172, 0.15032029151916504, 0.2404170036315918, 0.14488983154296875, 0.23133563995361328, 0.17114949226379395, 0.1989879608154297, 0.258526086807251, 0.23578453063964844, 0.20479154586791992, 0.2398388385772705, 0.170424222946167, 0.21345281600952148, 0.27085375785827637, 0.23877835273742676, 0.288677453994751, 0.251863956451416, 0.27045273780822754, 0.2688887119293213, 0.2681405544281006, 0.3095216751098633, 0.3282341957092285, 0.36723828315734863, 0.32343459129333496, 0.3076293468475342, 0.3537776470184326, 0.35514378547668457, 0.32494211196899414, 0.37648797035217285], 'Best Parameters': [{'regressor__fourier_random_features__gamma': 0.015625, 'regressor__ridge_regression__alpha': 0.0031622776601683794}, {'regressor__fourier_random_features__gamma': 0.015625, 'regressor__ridge_regression__alpha': 0.0001}, {'regressor__fourier_random_features__gamma': 0.015625, 'regressor__ridge_regression__alpha': 0.1}, {'regressor__fourier_random_features__gamma': 0.0013810679320049757, 'regressor__ridge_regression__alpha': 0.0031622776601683794}, {'regressor__fourier_random_features__gamma': 0.015625, 'regressor__ridge_regression__alpha': 0.1}, {'regressor__fourier_random_features__gamma': 0.0013810679320049757, 'regressor__ridge_regression__alpha': 0.0001}, {'regressor__fourier_random_features__gamma': 0.015625, 'regressor__ridge_regression__alpha': 0.0031622776601683794}, {'regressor__fourier_random_features__gamma': 0.015625, 'regressor__ridge_regression__alpha': 0.1}, {'regressor__fourier_random_features__gamma': 0.1767766952966369, 'regressor__ridge_regression__alpha': 0.1}, {'regressor__fourier_random_features__gamma': 0.015625, 'regressor__ridge_regression__alpha': 0.1}, {'regressor__fourier_random_features__gamma': 0.015625, 'regressor__ridge_regression__alpha': 0.0031622776601683794}, {'regressor__fourier_random_features__gamma': 0.1767766952966369, 'regressor__ridge_regression__alpha': 0.1}, {'regressor__fourier_random_features__gamma': 0.1767766952966369, 'regressor__ridge_regression__alpha': 0.1}, {'regressor__fourier_random_features__gamma': 0.015625, 'regressor__ridge_regression__alpha': 0.1}, {'regressor__fourier_random_features__gamma': 0.1767766952966369, 'regressor__ridge_regression__alpha': 0.1}, {'regressor__fourier_random_features__gamma': 0.015625, 'regressor__ridge_regression__alpha': 0.1}, {'regressor__fourier_random_features__gamma': 0.015625, 'regressor__ridge_regression__alpha': 0.0031622776601683794}, {'regressor__fourier_random_features__gamma': 0.0013810679320049757, 'regressor__ridge_regression__alpha': 0.0001}, {'regressor__fourier_random_features__gamma': 0.1767766952966369, 'regressor__ridge_regression__alpha': 0.1}, {'regressor__fourier_random_features__gamma': 0.015625, 'regressor__ridge_regression__alpha': 0.1}, {'regressor__fourier_random_features__gamma': 0.015625, 'regressor__ridge_regression__alpha': 0.0031622776601683794}, {'regressor__fourier_random_features__gamma': 0.015625, 'regressor__ridge_regression__alpha': 0.1}, {'regressor__fourier_random_features__gamma': 0.015625, 'regressor__ridge_regression__alpha': 0.1}, {'regressor__fourier_random_features__gamma': 0.015625, 'regressor__ridge_regression__alpha': 0.1}, {'regressor__fourier_random_features__gamma': 0.015625, 'regressor__ridge_regression__alpha': 0.0031622776601683794}, {'regressor__fourier_random_features__gamma': 0.015625, 'regressor__ridge_regression__alpha': 0.1}, {'regressor__fourier_random_features__gamma': 0.1767766952966369, 'regressor__ridge_regression__alpha': 0.1}, {'regressor__fourier_random_features__gamma': 0.015625, 'regressor__ridge_regression__alpha': 0.1}, {'regressor__fourier_random_features__gamma': 0.015625, 'regressor__ridge_regression__alpha': 0.0031622776601683794}, {'regressor__fourier_random_features__gamma': 0.0013810679320049757, 'regressor__ridge_regression__alpha': 0.0001}, {'regressor__fourier_random_features__gamma': 0.015625, 'regressor__ridge_regression__alpha': 0.1}, {'regressor__fourier_random_features__gamma': 0.015625, 'regressor__ridge_regression__alpha': 0.1}, {'regressor__fourier_random_features__gamma': 0.1767766952966369, 'regressor__ridge_regression__alpha': 0.1}, {'regressor__fourier_random_features__gamma': 0.015625, 'regressor__ridge_regression__alpha': 0.1}, {'regressor__fourier_random_features__gamma': 0.015625, 'regressor__ridge_regression__alpha': 0.1}, {'regressor__fourier_random_features__gamma': 0.015625, 'regressor__ridge_regression__alpha': 0.1}, {'regressor__fourier_random_features__gamma': 0.015625, 'regressor__ridge_regression__alpha': 0.0031622776601683794}, {'regressor__fourier_random_features__gamma': 0.015625, 'regressor__ridge_regression__alpha': 0.0031622776601683794}, {'regressor__fourier_random_features__gamma': 0.015625, 'regressor__ridge_regression__alpha': 0.1}, {'regressor__fourier_random_features__gamma': 0.015625, 'regressor__ridge_regression__alpha': 0.1}, {'regressor__fourier_random_features__gamma': 0.015625, 'regressor__ridge_regression__alpha': 0.0031622776601683794}, {'regressor__fourier_random_features__gamma': 0.015625, 'regressor__ridge_regression__alpha': 0.1}, {'regressor__fourier_random_features__gamma': 0.015625, 'regressor__ridge_regression__alpha': 0.1}, {'regressor__fourier_random_features__gamma': 0.015625, 'regressor__ridge_regression__alpha': 0.1}, {'regressor__fourier_random_features__gamma': 0.015625, 'regressor__ridge_regression__alpha': 0.0031622776601683794}, {'regressor__fourier_random_features__gamma': 0.015625, 'regressor__ridge_regression__alpha': 0.1}, {'regressor__fourier_random_features__gamma': 0.015625, 'regressor__ridge_regression__alpha': 0.1}, {'regressor__fourier_random_features__gamma': 0.015625, 'regressor__ridge_regression__alpha': 0.1}, {'regressor__fourier_random_features__gamma': 0.1767766952966369, 'regressor__ridge_regression__alpha': 0.1}, {'regressor__fourier_random_features__gamma': 0.015625, 'regressor__ridge_regression__alpha': 0.1}, {'regressor__fourier_random_features__gamma': 0.015625, 'regressor__ridge_regression__alpha': 0.0031622776601683794}, {'regressor__fourier_random_features__gamma': 0.015625, 'regressor__ridge_regression__alpha': 0.1}, {'regressor__fourier_random_features__gamma': 0.1767766952966369, 'regressor__ridge_regression__alpha': 0.1}, {'regressor__fourier_random_features__gamma': 0.015625, 'regressor__ridge_regression__alpha': 0.1}, {'regressor__fourier_random_features__gamma': 0.015625, 'regressor__ridge_regression__alpha': 0.0031622776601683794}, {'regressor__fourier_random_features__gamma': 0.015625, 'regressor__ridge_regression__alpha': 0.1}, {'regressor__fourier_random_features__gamma': 0.015625, 'regressor__ridge_regression__alpha': 0.0031622776601683794}, {'regressor__fourier_random_features__gamma': 0.015625, 'regressor__ridge_regression__alpha': 0.1}, {'regressor__fourier_random_features__gamma': 0.015625, 'regressor__ridge_regression__alpha': 0.1}, {'regressor__fourier_random_features__gamma': 0.015625, 'regressor__ridge_regression__alpha': 0.1}, {'regressor__fourier_random_features__gamma': 0.1767766952966369, 'regressor__ridge_regression__alpha': 0.1}, {'regressor__fourier_random_features__gamma': 0.015625, 'regressor__ridge_regression__alpha': 0.1}, {'regressor__fourier_random_features__gamma': 0.015625, 'regressor__ridge_regression__alpha': 0.1}, {'regressor__fourier_random_features__gamma': 0.015625, 'regressor__ridge_regression__alpha': 0.1}], 'Best Score in CV': [0.5615561018810074, 0.5679446065041944, 0.5382849600945208, 0.5572467660378916, 0.5687699269335733, 0.5754665523469192, 0.5481157689496605, 0.5706983673854079, 0.5745520939241392, 0.5709644592369798, 0.5533884829825866, 0.5723686442598099, 0.5779294471953239, 0.5752678924744625, 0.5528306904509395, 0.5680857753170707, 0.5832103158432025, 0.5741707951966117, 0.5529177288233201, 0.5711732103358762, 0.5803787583385586, 0.5740978240342246, 0.5513263790188987, 0.5716469692598922, 0.5826471137012726, 0.5743171131603401, 0.5522568880454665, 0.5724491595203622, 0.580860721389232, 0.5755233781274974, 0.5528213049744602, 0.5718025077590514, 0.5803094949476721, 0.5736696134636247, 0.5537617886222039, 0.5714223418211477, 0.577672229931911, 0.5768643784390814, 0.5543104813762321, 0.570774064290455, 0.5821923044856174, 0.5742869712442189, 0.5525977536101493, 0.5717305887756347, 0.5800579236221427, 0.5750695828535538, 0.5530192489131209, 0.5732494841011455, 0.5825771013754061, 0.5750728213976123, 0.5521587894657283, 0.5723881245668434, 0.5823619682107456, 0.5755080562601791, 0.5541723639093107, 0.5729054008402468, 0.5804095529049269, 0.5755245049156175, 0.5550072157101008, 0.572408782588294, 0.5795620035280357, 0.5750768019139456, 0.5518908910195371, 0.5734859888656849], 'cv_mean_test_score': [0.5615561018810074, 0.5679446065041944, 0.5382849600945208, 0.5572467660378916, 0.5687699269335733, 0.5754665523469192, 0.5481157689496605, 0.5706983673854079, 0.5745520939241392, 0.5709644592369798, 0.5533884829825866, 0.5723686442598099, 0.5779294471953239, 0.5752678924744625, 0.5528306904509395, 0.5680857753170707, 0.5832103158432025, 0.5741707951966117, 0.5529177288233201, 0.5711732103358762, 0.5803787583385586, 0.5740978240342246, 0.5513263790188987, 0.5716469692598922, 0.5826471137012726, 0.5743171131603401, 0.5522568880454665, 0.5724491595203622, 0.580860721389232, 0.5755233781274974, 0.5528213049744602, 0.5718025077590514, 0.5803094949476721, 0.5736696134636247, 0.5537617886222039, 0.5714223418211477, 0.577672229931911, 0.5768643784390814, 0.5543104813762321, 0.570774064290455, 0.5821923044856174, 0.5742869712442189, 0.5525977536101493, 0.5717305887756347, 0.5800579236221427, 0.5750695828535538, 0.5530192489131209, 0.5732494841011455, 0.5825771013754061, 0.5750728213976123, 0.5521587894657283, 0.5723881245668434, 0.5823619682107456, 0.5755080562601791, 0.5541723639093107, 0.5729054008402468, 0.5804095529049269, 0.5755245049156175, 0.5550072157101008, 0.572408782588294, 0.5795620035280357, 0.5750768019139456, 0.5518908910195371, 0.5734859888656849], 'cv_std_test_score': [0.04589205788821109, 0.02221454092993005, 0.007920188550015268, 0.03412720931174962, 0.03394732438250207, 0.029383377007152146, 0.010155348472635285, 0.02580533578659483, 0.03456915153719927, 0.03127263724798003, 0.009781175845403308, 0.019782817293765593, 0.0421849041556508, 0.02860701852026708, 0.010851661107019054, 0.03004676865010408, 0.03510676980808278, 0.03138814646192673, 0.009056721401958828, 0.027787679664758938, 0.036345280179019133, 0.029056005496488027, 0.010105242414354622, 0.027371990795105973, 0.03531929482547696, 0.028729864619716137, 0.007886516304788264, 0.026237983466241066, 0.035236828693493386, 0.031069435276905713, 0.00932353163793831, 0.026186996743013176, 0.04031345621709783, 0.030870526345617013, 0.010226646012397677, 0.028413304726114016, 0.0438246517929337, 0.029840463758936866, 0.009719360414750643, 0.028818090374720003, 0.03459735069061986, 0.029759240880317492, 0.010350115735510914, 0.02912834791503729, 0.03851025105265917, 0.03015921033097481, 0.009118974352182238, 0.0275156268693826, 0.036503625917648067, 0.029399921089312747, 0.01232864066618386, 0.027019493945307643, 0.0388507088554472, 0.029278888458810742, 0.011950867381714693, 0.028808572646019364, 0.03764821631239626, 0.028214032888501227, 0.00931829322281264, 0.027266414157187793, 0.031981097092487365, 0.02918272526740919, 0.009548897624994526, 0.026593067316424072]}
