
    --------------------
    'Model: Nystrom and ridge regression 
    	Dataset: eunite2001 (regression) of shape (336, 16) 	CV: 5 	n_jobs: 5
    	 params: {'regressor__nystroem__gamma': array([6.10351562e-05, 6.90533966e-04, 7.81250000e-03, 8.83883476e-02,
       1.00000000e+00]), 'regressor__ridge_regression__alpha': array([1.00000000e-04, 3.16227766e-03, 1.00000000e-01, 3.16227766e+00,
       1.00000000e+02])} 
    	 number of hyperparameter 25
    
        	 n components [3, 6, 13, 16, 23, 30, 33, 40, 43, 50, 57, 60, 67, 70, 77, 84]
        	 which correspond with the [1, 2, 4, 5, 7, 9, 10, 12, 13, 15, 17, 18, 20, 21, 23, 25] % of the data
        --------------------
        
{'percent': [1, 2, 4, 5, 7, 9, 10, 12, 13, 15, 17, 18, 20, 21, 23, 25], 'n_components': [3, 6, 13, 16, 23, 30, 33, 40, 43, 50, 57, 60, 67, 70, 77, 84], 'Mean Score in test': [-0.10523720472944209, 0.5146677554530492, 0.7238952687800112, 0.47901175545105024, 0.71664609567651, 0.7731936620903643, 0.7812283733584144, 0.7801218515484382, 0.7817409946277968, 0.7809727561519803, 0.7805087075994801, 0.7874433006201278, 0.7829100269272394, 0.7809553596597225, 0.7616998922203216, 0.7814439811148242], 'Std Score in test': [0.0, 0.0, 0.0, 0.0, 0.0, 0.0, 0.0, 0.0, 0.0, 0.0, 0.0, 0.0, 0.0, 0.0, 0.0, 0.0], 'Mean Training Time': [0.0042231082916259766, 0.00397944450378418, 0.004117250442504883, 0.004287242889404297, 0.004581451416015625, 0.009310007095336914, 0.03960847854614258, 0.012934684753417969, 0.00986027717590332, 0.0075719356536865234, 0.008953094482421875, 0.022664546966552734, 0.014047384262084961, 0.014420509338378906, 0.010259389877319336, 0.0623776912689209], 'Std Training Time': [0.0, 0.0, 0.0, 0.0, 0.0, 0.0, 0.0, 0.0, 0.0, 0.0, 0.0, 0.0, 0.0, 0.0, 0.0, 0.0], 'Mean Best Score in CV': [0.28616050875769217, 0.4913757087152999, 0.7516605620924642, 0.7938795105703778, 0.798770901541267, 0.8109673443856821, 0.7998182182034513, 0.8070778450653711, 0.807554060281441, 0.8064615962294251, 0.806854412123986, 0.8088538790808814, 0.8140922146504623, 0.8070958358674716, 0.8073525090658226, 0.8089292462952793], 'Std Best Score in CV': [0.0, 0.0, 0.0, 0.0, 0.0, 0.0, 0.0, 0.0, 0.0, 0.0, 0.0, 0.0, 0.0, 0.0, 0.0, 0.0], 'cv_mean_test_score': [0.28616050875769217, 0.4913757087152999, 0.7516605620924642, 0.7938795105703778, 0.798770901541267, 0.8109673443856821, 0.7998182182034513, 0.8070778450653711, 0.807554060281441, 0.8064615962294251, 0.806854412123986, 0.8088538790808814, 0.8140922146504623, 0.8070958358674716, 0.8073525090658226, 0.8089292462952793], 'cv_std_test_score': [0.2105708042591143, 0.10373789823668578, 0.08689396690142098, 0.04983649797263295, 0.043564217480448725, 0.030113833193400004, 0.03444616541433563, 0.036513891149177136, 0.03802358874125702, 0.031374848134963294, 0.036417069087882885, 0.03302803966664003, 0.025501070803059658, 0.03647483234847373, 0.03694313398555293, 0.03665301644992268]}
{'percent': [1, 2, 4, 5, 7, 9, 10, 12, 13, 15, 17, 18, 20, 21, 23, 25], 'n_components': [3, 6, 13, 16, 23, 30, 33, 40, 43, 50, 57, 60, 67, 70, 77, 84], 'Score in test': [-0.10523720472944209, 0.5146677554530492, 0.7238952687800112, 0.47901175545105024, 0.71664609567651, 0.7731936620903643, 0.7812283733584144, 0.7801218515484382, 0.7817409946277968, 0.7809727561519803, 0.7805087075994801, 0.7874433006201278, 0.7829100269272394, 0.7809553596597225, 0.7616998922203216, 0.7814439811148242], 'Training Time': [0.0042231082916259766, 0.00397944450378418, 0.004117250442504883, 0.004287242889404297, 0.004581451416015625, 0.009310007095336914, 0.03960847854614258, 0.012934684753417969, 0.00986027717590332, 0.0075719356536865234, 0.008953094482421875, 0.022664546966552734, 0.014047384262084961, 0.014420509338378906, 0.010259389877319336, 0.0623776912689209], 'Best Parameters': [{'regressor__nystroem__gamma': 0.0078125, 'regressor__ridge_regression__alpha': 0.0031622776601683794}, {'regressor__nystroem__gamma': 0.0078125, 'regressor__ridge_regression__alpha': 0.0031622776601683794}, {'regressor__nystroem__gamma': 0.0006905339660024879, 'regressor__ridge_regression__alpha': 0.0031622776601683794}, {'regressor__nystroem__gamma': 0.0006905339660024879, 'regressor__ridge_regression__alpha': 0.0001}, {'regressor__nystroem__gamma': 0.0078125, 'regressor__ridge_regression__alpha': 0.0001}, {'regressor__nystroem__gamma': 0.0006905339660024879, 'regressor__ridge_regression__alpha': 0.0031622776601683794}, {'regressor__nystroem__gamma': 0.0006905339660024879, 'regressor__ridge_regression__alpha': 0.0031622776601683794}, {'regressor__nystroem__gamma': 6.103515625e-05, 'regressor__ridge_regression__alpha': 0.0001}, {'regressor__nystroem__gamma': 0.0006905339660024879, 'regressor__ridge_regression__alpha': 0.0031622776601683794}, {'regressor__nystroem__gamma': 0.0078125, 'regressor__ridge_regression__alpha': 0.1}, {'regressor__nystroem__gamma': 6.103515625e-05, 'regressor__ridge_regression__alpha': 0.0001}, {'regressor__nystroem__gamma': 0.0078125, 'regressor__ridge_regression__alpha': 0.1}, {'regressor__nystroem__gamma': 0.0006905339660024879, 'regressor__ridge_regression__alpha': 0.0031622776601683794}, {'regressor__nystroem__gamma': 6.103515625e-05, 'regressor__ridge_regression__alpha': 0.0001}, {'regressor__nystroem__gamma': 6.103515625e-05, 'regressor__ridge_regression__alpha': 0.0001}, {'regressor__nystroem__gamma': 0.0006905339660024879, 'regressor__ridge_regression__alpha': 0.0031622776601683794}], 'Best Score in CV': [0.28616050875769217, 0.4913757087152999, 0.7516605620924642, 0.7938795105703778, 0.798770901541267, 0.8109673443856821, 0.7998182182034513, 0.8070778450653711, 0.807554060281441, 0.8064615962294251, 0.806854412123986, 0.8088538790808814, 0.8140922146504623, 0.8070958358674716, 0.8073525090658226, 0.8089292462952793], 'cv_mean_test_score': [0.28616050875769217, 0.4913757087152999, 0.7516605620924642, 0.7938795105703778, 0.798770901541267, 0.8109673443856821, 0.7998182182034513, 0.8070778450653711, 0.807554060281441, 0.8064615962294251, 0.806854412123986, 0.8088538790808814, 0.8140922146504623, 0.8070958358674716, 0.8073525090658226, 0.8089292462952793], 'cv_std_test_score': [0.2105708042591143, 0.10373789823668578, 0.08689396690142098, 0.04983649797263295, 0.043564217480448725, 0.030113833193400004, 0.03444616541433563, 0.036513891149177136, 0.03802358874125702, 0.031374848134963294, 0.036417069087882885, 0.03302803966664003, 0.025501070803059658, 0.03647483234847373, 0.03694313398555293, 0.03665301644992268]}
