
    --------------------
    'Model: Random Fourier features and ridge regression 
    	Dataset: eunite2001 (regression) of shape (336, 16) 	CV: 5 	n_jobs: 5
    	 params: {'regressor__fourier_random_features__gamma': [6.103515625e-05, 0.0006905339660024879, 0.0078125, 0.08838834764831845, 1.0], 'regressor__ridge_regression__alpha': array([1.00000000e-04, 3.16227766e-03, 1.00000000e-01, 3.16227766e+00,
       1.00000000e+02])} 
    	 number of hyperparameter 25
    
        	 n components [3, 6, 13, 16, 23, 30, 33, 40, 43, 50, 57, 60, 67, 70, 77, 84]
        	 which correspond with the [1, 2, 4, 5, 7, 9, 10, 12, 13, 15, 17, 18, 20, 21, 23, 25] % of the data
        --------------------
        
{'percent': [1, 2, 4, 5, 7, 9, 10, 12, 13, 15, 17, 18, 20, 21, 23, 25], 'n_components': [3, 6, 13, 16, 23, 30, 33, 40, 43, 50, 57, 60, 67, 70, 77, 84], 'Mean Score in test': [0.20042222004813692, 0.14772144772106766, 0.7704090471014333, 0.758748873769108, 0.7006560885688988, 0.7587916888853915, 0.7764079812386453, 0.7848435878652869, 0.7768209994112164, 0.7804017881411026, 0.7803405109128523, 0.7768907683345178, 0.78930883343651, 0.7839094586878099, 0.7581898765295857, 0.7828380816334545], 'Std Score in test': [0.0, 0.0, 0.0, 0.0, 0.0, 0.0, 0.0, 0.0, 0.0, 0.0, 0.0, 0.0, 0.0, 0.0, 0.0, 0.0], 'Mean Training Time': [0.0034546852111816406, 0.003170490264892578, 0.003324747085571289, 0.004218339920043945, 0.0036056041717529297, 0.003887176513671875, 0.007314205169677734, 0.0039033889770507812, 0.015616178512573242, 0.01678299903869629, 0.016815662384033203, 0.01669621467590332, 0.012094259262084961, 0.008202075958251953, 0.018728017807006836, 0.010128974914550781], 'Std Training Time': [0.0, 0.0, 0.0, 0.0, 0.0, 0.0, 0.0, 0.0, 0.0, 0.0, 0.0, 0.0, 0.0, 0.0, 0.0, 0.0], 'Mean Best Score in CV': [0.21598816496943063, 0.48676641206856264, 0.7278308010642505, 0.7969450879691937, 0.8061613127392446, 0.8101224307361223, 0.809503152059664, 0.810237027523933, 0.8052959290385985, 0.8083287687533562, 0.8090158445063853, 0.8091642244047668, 0.8121602722611178, 0.8086358914445553, 0.8067594276193072, 0.808837073381496], 'Std Best Score in CV': [0.0, 0.0, 0.0, 0.0, 0.0, 0.0, 0.0, 0.0, 0.0, 0.0, 0.0, 0.0, 0.0, 0.0, 0.0, 0.0], 'cv_mean_test_score': [0.21598816496943063, 0.48676641206856264, 0.7278308010642505, 0.7969450879691937, 0.8061613127392446, 0.8101224307361223, 0.809503152059664, 0.810237027523933, 0.8052959290385985, 0.8083287687533562, 0.8090158445063853, 0.8091642244047668, 0.8121602722611178, 0.8086358914445553, 0.8067594276193072, 0.808837073381496], 'cv_std_test_score': [0.21035218753882076, 0.20246615487941505, 0.05682889067126811, 0.049495256918093755, 0.036717390490673504, 0.035182864190472146, 0.03801376534804948, 0.034627892011174596, 0.04048091418304047, 0.03412183787345912, 0.03833153587256859, 0.03653060170592928, 0.03423550076152843, 0.03675168343529871, 0.022121372650957004, 0.03523757154666463]}
{'percent': [1, 2, 4, 5, 7, 9, 10, 12, 13, 15, 17, 18, 20, 21, 23, 25], 'n_components': [3, 6, 13, 16, 23, 30, 33, 40, 43, 50, 57, 60, 67, 70, 77, 84], 'Score in test': [0.20042222004813692, 0.14772144772106766, 0.7704090471014333, 0.758748873769108, 0.7006560885688988, 0.7587916888853915, 0.7764079812386453, 0.7848435878652869, 0.7768209994112164, 0.7804017881411026, 0.7803405109128523, 0.7768907683345178, 0.78930883343651, 0.7839094586878099, 0.7581898765295857, 0.7828380816334545], 'Training Time': [0.0034546852111816406, 0.003170490264892578, 0.003324747085571289, 0.004218339920043945, 0.0036056041717529297, 0.003887176513671875, 0.007314205169677734, 0.0039033889770507812, 0.015616178512573242, 0.01678299903869629, 0.016815662384033203, 0.01669621467590332, 0.012094259262084961, 0.008202075958251953, 0.018728017807006836, 0.010128974914550781], 'Best Parameters': [{'regressor__fourier_random_features__gamma': 0.0006905339660024879, 'regressor__ridge_regression__alpha': 0.0001}, {'regressor__fourier_random_features__gamma': 0.0006905339660024879, 'regressor__ridge_regression__alpha': 0.0001}, {'regressor__fourier_random_features__gamma': 6.103515625e-05, 'regressor__ridge_regression__alpha': 0.0001}, {'regressor__fourier_random_features__gamma': 6.103515625e-05, 'regressor__ridge_regression__alpha': 0.0001}, {'regressor__fourier_random_features__gamma': 0.0006905339660024879, 'regressor__ridge_regression__alpha': 0.0001}, {'regressor__fourier_random_features__gamma': 6.103515625e-05, 'regressor__ridge_regression__alpha': 0.0001}, {'regressor__fourier_random_features__gamma': 0.0006905339660024879, 'regressor__ridge_regression__alpha': 0.0031622776601683794}, {'regressor__fourier_random_features__gamma': 6.103515625e-05, 'regressor__ridge_regression__alpha': 0.0001}, {'regressor__fourier_random_features__gamma': 6.103515625e-05, 'regressor__ridge_regression__alpha': 0.0001}, {'regressor__fourier_random_features__gamma': 6.103515625e-05, 'regressor__ridge_regression__alpha': 0.0001}, {'regressor__fourier_random_features__gamma': 6.103515625e-05, 'regressor__ridge_regression__alpha': 0.0001}, {'regressor__fourier_random_features__gamma': 6.103515625e-05, 'regressor__ridge_regression__alpha': 0.0001}, {'regressor__fourier_random_features__gamma': 0.0006905339660024879, 'regressor__ridge_regression__alpha': 0.0031622776601683794}, {'regressor__fourier_random_features__gamma': 6.103515625e-05, 'regressor__ridge_regression__alpha': 0.0001}, {'regressor__fourier_random_features__gamma': 0.0078125, 'regressor__ridge_regression__alpha': 0.1}, {'regressor__fourier_random_features__gamma': 6.103515625e-05, 'regressor__ridge_regression__alpha': 0.0001}], 'Best Score in CV': [0.21598816496943063, 0.48676641206856264, 0.7278308010642505, 0.7969450879691937, 0.8061613127392446, 0.8101224307361223, 0.809503152059664, 0.810237027523933, 0.8052959290385985, 0.8083287687533562, 0.8090158445063853, 0.8091642244047668, 0.8121602722611178, 0.8086358914445553, 0.8067594276193072, 0.808837073381496], 'cv_mean_test_score': [0.21598816496943063, 0.48676641206856264, 0.7278308010642505, 0.7969450879691937, 0.8061613127392446, 0.8101224307361223, 0.809503152059664, 0.810237027523933, 0.8052959290385985, 0.8083287687533562, 0.8090158445063853, 0.8091642244047668, 0.8121602722611178, 0.8086358914445553, 0.8067594276193072, 0.808837073381496], 'cv_std_test_score': [0.21035218753882076, 0.20246615487941505, 0.05682889067126811, 0.049495256918093755, 0.036717390490673504, 0.035182864190472146, 0.03801376534804948, 0.034627892011174596, 0.04048091418304047, 0.03412183787345912, 0.03833153587256859, 0.03653060170592928, 0.03423550076152843, 0.03675168343529871, 0.022121372650957004, 0.03523757154666463]}
