
    --------------------
    'Model: Random Fourier features and ridge classification 
    	Dataset: a5a (classification) of shape (6414, 123) 	CV: 5 	n_jobs: 5
    	 params: {'fourier_random_features__gamma': [7.939532520325204e-06, 8.982555655316915e-05, 0.0010162601626016261, 0.011497671238805652, 0.13008130081300814], 'ridge_classification__alpha': array([1.00000000e-04, 3.16227766e-03, 1.00000000e-01, 3.16227766e+00,
       1.00000000e+02])} 
    	 number of hyperparameter 25
    
        	 n components [1, 65, 129, 193, 257, 321, 385, 449, 514, 578, 642, 706, 770, 834, 898, 963, 1027, 1091, 1155, 1219, 1283]
        	 which correspond with the [0, 0, 1, 2, 2, 3, 4, 4, 5, 6, 6, 7, 8, 9, 9, 10, 11, 11, 12, 13, 13, 14, 15, 15, 16, 17, 17, 18, 19, 20] % of the data
        --------------------
        
{'percent': [0, 0, 1, 2, 2, 3, 4, 4, 5, 6, 6, 7, 8, 9, 9, 10, 11, 11, 12, 13, 13], 'n_components': [1, 65, 129, 193, 257, 321, 385, 449, 514, 578, 642, 706, 770, 834, 898, 963, 1027, 1091, 1155, 1219, 1283], 'Mean Score in test': [0.7601254446016752, 0.8321031093433281, 0.8442268711515661, 0.8438061727922898, 0.8440356446246223, 0.8434237197384021, 0.843767927486901, 0.8444563429838987, 0.8438826634030673, 0.8438826634030673, 0.8435384556545684, 0.843920908708456, 0.8442268711515661, 0.8439973993192336, 0.8442268711515661, 0.8442651164569549, 0.8443033617623437, 0.8434619650437909, 0.8443798523731212, 0.8442268711515661, 0.8441503805407886], 'Std Score in test': [0.0, 0.0, 0.0, 0.0, 0.0, 0.0, 0.0, 0.0, 0.0, 0.0, 0.0, 0.0, 0.0, 0.0, 0.0, 0.0, 0.0, 0.0, 0.0, 0.0, 0.0], 'Mean Training Time': [0.006625652313232422, 0.013969898223876953, 0.02181410789489746, 0.03632187843322754, 0.04937028884887695, 0.04433774948120117, 0.05720090866088867, 0.07317590713500977, 0.07960700988769531, 0.09152007102966309, 0.09571409225463867, 0.11333990097045898, 0.10568428039550781, 0.11587190628051758, 0.15325593948364258, 0.1510009765625, 0.15119695663452148, 0.17978286743164062, 0.18843603134155273, 0.22530889511108398, 0.21843695640563965], 'Std Training Time': [0.0, 0.0, 0.0, 0.0, 0.0, 0.0, 0.0, 0.0, 0.0, 0.0, 0.0, 0.0, 0.0, 0.0, 0.0, 0.0, 0.0, 0.0, 0.0, 0.0, 0.0], 'Mean Best Score in CV': [0.7555348168720203, 0.8256928780658631, 0.8409721268040121, 0.8415961517650106, 0.8403489530072239, 0.8414405103094225, 0.8414409966889712, 0.8411292273982465, 0.8409732211579968, 0.8405052024372479, 0.8406613302723848, 0.8409730995631095, 0.8405043512730377, 0.8401937979311846, 0.8403495609816598, 0.8409726131835609, 0.84128462566406, 0.8409726131835609, 0.841440145524761, 0.841128984208472, 0.841751914815486], 'Std Best Score in CV': [0.0, 0.0, 0.0, 0.0, 0.0, 0.0, 0.0, 0.0, 0.0, 0.0, 0.0, 0.0, 0.0, 0.0, 0.0, 0.0, 0.0, 0.0, 0.0, 0.0, 0.0], 'cv_mean_test_score': [0.7555348168720203, 0.8256928780658631, 0.8409721268040121, 0.8415961517650106, 0.8403489530072239, 0.8414405103094225, 0.8414409966889712, 0.8411292273982465, 0.8409732211579968, 0.8405052024372479, 0.8406613302723848, 0.8409730995631095, 0.8405043512730377, 0.8401937979311846, 0.8403495609816598, 0.8409726131835609, 0.84128462566406, 0.8409726131835609, 0.841440145524761, 0.841128984208472, 0.841751914815486], 'cv_std_test_score': [0.0003405834370695364, 0.009075463915147733, 0.005663432527191762, 0.003374470533299386, 0.0039053896518927776, 0.004026099472194838, 0.003591418288142592, 0.004059498103627915, 0.00399075268881462, 0.003362004035799822, 0.0041311422687477116, 0.003221000721737958, 0.005481826894611704, 0.004046480986855906, 0.0037206744005145874, 0.002222747832593636, 0.0033314769476768874, 0.003860520329930409, 0.0039801507222823745, 0.004215413415960142, 0.002943550172701218], 'cv_mean_fit_time': [0.007084035873413086, 0.016275405883789062, 0.02182455062866211, 0.030916357040405275, 0.03968930244445801, 0.04783759117126465, 0.05205535888671875, 0.06284022331237793, 0.07366089820861817, 0.08271355628967285, 0.10709104537963868, 0.1155473232269287, 0.12689051628112794, 0.14178752899169922, 0.15511517524719237, 0.18823699951171874, 0.1912182331085205, 0.22800130844116212, 0.23710951805114747, 0.26566576957702637, 0.29340696334838867], 'cv_std_fit_time': [0.0004147654922041085, 0.0016168760833432231, 0.0009192767134878298, 0.001217587914223756, 0.002396888116800315, 0.005491652621429508, 0.005244565128806986, 0.0033487875167592424, 0.005749287451109166, 0.005076887806199973, 0.006200963310601984, 0.005248285740496913, 0.0075485814481737095, 0.007553574501748872, 0.007166293724128375, 0.008733710281936818, 0.006652541612216068, 0.011086224004138749, 0.00520892058239539, 0.012564225620051847, 0.0020206809040719557]}
{'percent': [0, 0, 1, 2, 2, 3, 4, 4, 5, 6, 6, 7, 8, 9, 9, 10, 11, 11, 12, 13, 13], 'n_components': [1, 65, 129, 193, 257, 321, 385, 449, 514, 578, 642, 706, 770, 834, 898, 963, 1027, 1091, 1155, 1219, 1283], 'Score in test': [0.7601254446016752, 0.8321031093433281, 0.8442268711515661, 0.8438061727922898, 0.8440356446246223, 0.8434237197384021, 0.843767927486901, 0.8444563429838987, 0.8438826634030673, 0.8438826634030673, 0.8435384556545684, 0.843920908708456, 0.8442268711515661, 0.8439973993192336, 0.8442268711515661, 0.8442651164569549, 0.8443033617623437, 0.8434619650437909, 0.8443798523731212, 0.8442268711515661, 0.8441503805407886], 'Training Time': [0.006625652313232422, 0.013969898223876953, 0.02181410789489746, 0.03632187843322754, 0.04937028884887695, 0.04433774948120117, 0.05720090866088867, 0.07317590713500977, 0.07960700988769531, 0.09152007102966309, 0.09571409225463867, 0.11333990097045898, 0.10568428039550781, 0.11587190628051758, 0.15325593948364258, 0.1510009765625, 0.15119695663452148, 0.17978286743164062, 0.18843603134155273, 0.22530889511108398, 0.21843695640563965], 'Best Parameters': [{'fourier_random_features__gamma': 8.982555655316915e-05, 'ridge_classification__alpha': 100.0}, {'fourier_random_features__gamma': 7.939532520325204e-06, 'ridge_classification__alpha': 0.0001}, {'fourier_random_features__gamma': 7.939532520325204e-06, 'ridge_classification__alpha': 0.0001}, {'fourier_random_features__gamma': 7.939532520325204e-06, 'ridge_classification__alpha': 0.0031622776601683794}, {'fourier_random_features__gamma': 7.939532520325204e-06, 'ridge_classification__alpha': 0.0031622776601683794}, {'fourier_random_features__gamma': 7.939532520325204e-06, 'ridge_classification__alpha': 0.0031622776601683794}, {'fourier_random_features__gamma': 7.939532520325204e-06, 'ridge_classification__alpha': 0.0031622776601683794}, {'fourier_random_features__gamma': 7.939532520325204e-06, 'ridge_classification__alpha': 0.0031622776601683794}, {'fourier_random_features__gamma': 7.939532520325204e-06, 'ridge_classification__alpha': 0.0031622776601683794}, {'fourier_random_features__gamma': 7.939532520325204e-06, 'ridge_classification__alpha': 0.0031622776601683794}, {'fourier_random_features__gamma': 7.939532520325204e-06, 'ridge_classification__alpha': 0.0031622776601683794}, {'fourier_random_features__gamma': 7.939532520325204e-06, 'ridge_classification__alpha': 0.0031622776601683794}, {'fourier_random_features__gamma': 7.939532520325204e-06, 'ridge_classification__alpha': 0.0001}, {'fourier_random_features__gamma': 7.939532520325204e-06, 'ridge_classification__alpha': 0.0031622776601683794}, {'fourier_random_features__gamma': 7.939532520325204e-06, 'ridge_classification__alpha': 0.0031622776601683794}, {'fourier_random_features__gamma': 8.982555655316915e-05, 'ridge_classification__alpha': 0.1}, {'fourier_random_features__gamma': 7.939532520325204e-06, 'ridge_classification__alpha': 0.0001}, {'fourier_random_features__gamma': 8.982555655316915e-05, 'ridge_classification__alpha': 0.1}, {'fourier_random_features__gamma': 7.939532520325204e-06, 'ridge_classification__alpha': 0.0001}, {'fourier_random_features__gamma': 8.982555655316915e-05, 'ridge_classification__alpha': 0.1}, {'fourier_random_features__gamma': 7.939532520325204e-06, 'ridge_classification__alpha': 0.0001}], 'Best Score in CV': [0.7555348168720203, 0.8256928780658631, 0.8409721268040121, 0.8415961517650106, 0.8403489530072239, 0.8414405103094225, 0.8414409966889712, 0.8411292273982465, 0.8409732211579968, 0.8405052024372479, 0.8406613302723848, 0.8409730995631095, 0.8405043512730377, 0.8401937979311846, 0.8403495609816598, 0.8409726131835609, 0.84128462566406, 0.8409726131835609, 0.841440145524761, 0.841128984208472, 0.841751914815486], 'cv_mean_test_score': [0.7555348168720203, 0.8256928780658631, 0.8409721268040121, 0.8415961517650106, 0.8403489530072239, 0.8414405103094225, 0.8414409966889712, 0.8411292273982465, 0.8409732211579968, 0.8405052024372479, 0.8406613302723848, 0.8409730995631095, 0.8405043512730377, 0.8401937979311846, 0.8403495609816598, 0.8409726131835609, 0.84128462566406, 0.8409726131835609, 0.841440145524761, 0.841128984208472, 0.841751914815486], 'cv_std_test_score': [0.0003405834370695364, 0.009075463915147733, 0.005663432527191762, 0.003374470533299386, 0.0039053896518927776, 0.004026099472194838, 0.003591418288142592, 0.004059498103627915, 0.00399075268881462, 0.003362004035799822, 0.0041311422687477116, 0.003221000721737958, 0.005481826894611704, 0.004046480986855906, 0.0037206744005145874, 0.002222747832593636, 0.0033314769476768874, 0.003860520329930409, 0.0039801507222823745, 0.004215413415960142, 0.002943550172701218], 'cv_mean_fit_time': [0.007084035873413086, 0.016275405883789062, 0.02182455062866211, 0.030916357040405275, 0.03968930244445801, 0.04783759117126465, 0.05205535888671875, 0.06284022331237793, 0.07366089820861817, 0.08271355628967285, 0.10709104537963868, 0.1155473232269287, 0.12689051628112794, 0.14178752899169922, 0.15511517524719237, 0.18823699951171874, 0.1912182331085205, 0.22800130844116212, 0.23710951805114747, 0.26566576957702637, 0.29340696334838867], 'cv_std_fit_time': [0.0004147654922041085, 0.0016168760833432231, 0.0009192767134878298, 0.001217587914223756, 0.002396888116800315, 0.005491652621429508, 0.005244565128806986, 0.0033487875167592424, 0.005749287451109166, 0.005076887806199973, 0.006200963310601984, 0.005248285740496913, 0.0075485814481737095, 0.007553574501748872, 0.007166293724128375, 0.008733710281936818, 0.006652541612216068, 0.011086224004138749, 0.00520892058239539, 0.012564225620051847, 0.0020206809040719557]}
