
    --------------------
    'Model: Random Fourier features and SVC 
    	Dataset: a5a (classification) of shape (6414, 123) 	CV: 5 	n_jobs: 5
    	 params: {'fourier_random_features__gamma': [7.939532520325204e-06, 5.5294116063016006e-05, 0.0003850905910849588, 0.0026819266479123837, 0.018678022032472104, 0.13008130081300814], 'svm__C': array([1.00000000e-04, 1.58489319e-03, 2.51188643e-02, 3.98107171e-01,
       6.30957344e+00, 1.00000000e+02])} 
    	 number of hyperparameter 36
    
        	 n components [1, 65, 129, 193, 257, 321, 385, 449, 514, 578, 642, 706, 770, 834, 898, 963, 1027, 1091, 1155, 1219, 1283]
        	 which correspond with the [0, 0, 1, 2, 2, 3, 4, 4, 5, 6, 6, 7, 8, 9, 9, 10, 11, 11, 12, 13, 13, 14, 15, 15, 16, 17, 17, 18, 19, 20] % of the data
        --------------------
        
{'percent': [0, 0, 1, 2, 2, 3, 4, 4, 5, 6, 6, 7, 8, 9, 9, 10, 11, 11, 12, 13, 13], 'n_components': [1, 65, 129, 193, 257, 321, 385, 449, 514, 578, 642, 706, 770, 834, 898, 963, 1027, 1091, 1155, 1219, 1283], 'Mean Score in test': [0.7590545760507897, 0.8234979156308563, 0.8425823230198494, 0.8452977397024515, 0.8434237197384021, 0.8457566833671167, 0.8448770413431751, 0.8441121352353999, 0.8453359850078402, 0.845871419283283, 0.8451065131755077, 0.8465980800856695, 0.8445328335946762, 0.8448770413431751, 0.8456801927563392, 0.8457566833671167, 0.8451447584808964, 0.84441809767851, 0.8451447584808964, 0.8459096645886718, 0.8459479098940605], 'Std Score in test': [0.0, 0.0, 0.0, 0.0, 0.0, 0.0, 0.0, 0.0, 0.0, 0.0, 0.0, 0.0, 0.0, 0.0, 0.0, 0.0, 0.0, 0.0, 0.0, 0.0, 0.0], 'Mean Training Time': [0.0076639652252197266, 0.04623532295227051, 0.09108924865722656, 0.15989899635314941, 0.1086587905883789, 0.16703009605407715, 0.25404906272888184, 0.31154799461364746, 0.23800992965698242, 0.2656588554382324, 0.4039139747619629, 0.3208279609680176, 0.49317288398742676, 0.31298398971557617, 0.5782201290130615, 0.430584192276001, 0.45493507385253906, 0.5148410797119141, 0.4427971839904785, 0.5346419811248779, 0.5928032398223877], 'Std Training Time': [0.0, 0.0, 0.0, 0.0, 0.0, 0.0, 0.0, 0.0, 0.0, 0.0, 0.0, 0.0, 0.0, 0.0, 0.0, 0.0, 0.0, 0.0, 0.0, 0.0, 0.0], 'Mean Best Score in CV': [0.7555348168720203, 0.8286555374919595, 0.8386350730724474, 0.8419081642455097, 0.8411275250698258, 0.8417516716257113, 0.8415966381445592, 0.8409722483988993, 0.8414400239298738, 0.8428428641432484, 0.8419080426506227, 0.8420633193215492, 0.8412838960947369, 0.8437782936103103, 0.8419080426506227, 0.8419076778659612, 0.8420630761317748, 0.8422199335362347, 0.8409724915886738, 0.8414397807400995, 0.8415961517650106], 'Std Best Score in CV': [0.0, 0.0, 0.0, 0.0, 0.0, 0.0, 0.0, 0.0, 0.0, 0.0, 0.0, 0.0, 0.0, 0.0, 0.0, 0.0, 0.0, 0.0, 0.0, 0.0, 0.0], 'cv_mean_test_score': [0.7555348168720203, 0.8286555374919595, 0.8386350730724474, 0.8419081642455097, 0.8411275250698258, 0.8417516716257113, 0.8415966381445592, 0.8409722483988993, 0.8414400239298738, 0.8428428641432484, 0.8419080426506227, 0.8420633193215492, 0.8412838960947369, 0.8437782936103103, 0.8419080426506227, 0.8419076778659612, 0.8420630761317748, 0.8422199335362347, 0.8409724915886738, 0.8414397807400995, 0.8415961517650106], 'cv_std_test_score': [0.0003405834370695364, 0.008411216309636796, 0.008980872688418035, 0.007238170440339672, 0.0070942723252070865, 0.007261427213992881, 0.006259129603739193, 0.006153510858046589, 0.004527553083818962, 0.0064803222757329835, 0.006460511612072252, 0.007822596891837464, 0.007120688685735772, 0.005870947763714969, 0.008126391139336771, 0.0074800952884990215, 0.0063160292639690765, 0.005143360207090049, 0.0054558474087137345, 0.007138288912031115, 0.00516682355570245], 'cv_mean_fit_time': [0.0075530529022216795, 0.03231525421142578, 0.096484375, 0.13394598960876464, 0.12642741203308105, 0.1673379898071289, 0.26666603088378904, 0.2875254154205322, 0.2535103321075439, 0.2662354469299316, 0.3917051315307617, 0.3268305778503418, 0.5083055973052979, 0.32856011390686035, 0.5648140430450439, 0.41496763229370115, 0.44118537902832033, 0.5877209663391113, 0.4093064785003662, 0.5289553165435791, 0.46897406578063966], 'cv_std_fit_time': [0.0003290286407842772, 0.0030604960872383288, 0.012346660067478872, 0.027257546193903328, 0.020886770181116704, 0.021710621303846864, 0.022325030636680468, 0.02756244826321745, 0.021027822119990207, 0.009472495459873394, 0.06320146265229169, 0.01629777199445842, 0.031066216721338226, 0.033366079490286984, 0.03952221401384025, 0.007837957048558265, 0.01486411192848183, 0.04710826522961292, 0.0096667881113083, 0.019021154292734998, 0.020781629858773715]}
{'percent': [0, 0, 1, 2, 2, 3, 4, 4, 5, 6, 6, 7, 8, 9, 9, 10, 11, 11, 12, 13, 13], 'n_components': [1, 65, 129, 193, 257, 321, 385, 449, 514, 578, 642, 706, 770, 834, 898, 963, 1027, 1091, 1155, 1219, 1283], 'Score in test': [0.7590545760507897, 0.8234979156308563, 0.8425823230198494, 0.8452977397024515, 0.8434237197384021, 0.8457566833671167, 0.8448770413431751, 0.8441121352353999, 0.8453359850078402, 0.845871419283283, 0.8451065131755077, 0.8465980800856695, 0.8445328335946762, 0.8448770413431751, 0.8456801927563392, 0.8457566833671167, 0.8451447584808964, 0.84441809767851, 0.8451447584808964, 0.8459096645886718, 0.8459479098940605], 'Training Time': [0.0076639652252197266, 0.04623532295227051, 0.09108924865722656, 0.15989899635314941, 0.1086587905883789, 0.16703009605407715, 0.25404906272888184, 0.31154799461364746, 0.23800992965698242, 0.2656588554382324, 0.4039139747619629, 0.3208279609680176, 0.49317288398742676, 0.31298398971557617, 0.5782201290130615, 0.430584192276001, 0.45493507385253906, 0.5148410797119141, 0.4427971839904785, 0.5346419811248779, 0.5928032398223877], 'Best Parameters': [{'fourier_random_features__gamma': 0.0003850905910849588, 'svm__C': 0.0001}, {'fourier_random_features__gamma': 7.939532520325204e-06, 'svm__C': 100.0}, {'fourier_random_features__gamma': 5.5294116063016006e-05, 'svm__C': 100.0}, {'fourier_random_features__gamma': 5.5294116063016006e-05, 'svm__C': 100.0}, {'fourier_random_features__gamma': 7.939532520325204e-06, 'svm__C': 100.0}, {'fourier_random_features__gamma': 7.939532520325204e-06, 'svm__C': 100.0}, {'fourier_random_features__gamma': 0.0003850905910849588, 'svm__C': 6.30957344480193}, {'fourier_random_features__gamma': 0.0003850905910849588, 'svm__C': 6.30957344480193}, {'fourier_random_features__gamma': 5.5294116063016006e-05, 'svm__C': 6.30957344480193}, {'fourier_random_features__gamma': 5.5294116063016006e-05, 'svm__C': 6.30957344480193}, {'fourier_random_features__gamma': 5.5294116063016006e-05, 'svm__C': 100.0}, {'fourier_random_features__gamma': 5.5294116063016006e-05, 'svm__C': 6.30957344480193}, {'fourier_random_features__gamma': 0.0003850905910849588, 'svm__C': 6.30957344480193}, {'fourier_random_features__gamma': 7.939532520325204e-06, 'svm__C': 100.0}, {'fourier_random_features__gamma': 0.0003850905910849588, 'svm__C': 6.30957344480193}, {'fourier_random_features__gamma': 5.5294116063016006e-05, 'svm__C': 6.30957344480193}, {'fourier_random_features__gamma': 5.5294116063016006e-05, 'svm__C': 6.30957344480193}, {'fourier_random_features__gamma': 5.5294116063016006e-05, 'svm__C': 100.0}, {'fourier_random_features__gamma': 7.939532520325204e-06, 'svm__C': 100.0}, {'fourier_random_features__gamma': 5.5294116063016006e-05, 'svm__C': 6.30957344480193}, {'fourier_random_features__gamma': 7.939532520325204e-06, 'svm__C': 100.0}], 'Best Score in CV': [0.7555348168720203, 0.8286555374919595, 0.8386350730724474, 0.8419081642455097, 0.8411275250698258, 0.8417516716257113, 0.8415966381445592, 0.8409722483988993, 0.8414400239298738, 0.8428428641432484, 0.8419080426506227, 0.8420633193215492, 0.8412838960947369, 0.8437782936103103, 0.8419080426506227, 0.8419076778659612, 0.8420630761317748, 0.8422199335362347, 0.8409724915886738, 0.8414397807400995, 0.8415961517650106], 'cv_mean_test_score': [0.7555348168720203, 0.8286555374919595, 0.8386350730724474, 0.8419081642455097, 0.8411275250698258, 0.8417516716257113, 0.8415966381445592, 0.8409722483988993, 0.8414400239298738, 0.8428428641432484, 0.8419080426506227, 0.8420633193215492, 0.8412838960947369, 0.8437782936103103, 0.8419080426506227, 0.8419076778659612, 0.8420630761317748, 0.8422199335362347, 0.8409724915886738, 0.8414397807400995, 0.8415961517650106], 'cv_std_test_score': [0.0003405834370695364, 0.008411216309636796, 0.008980872688418035, 0.007238170440339672, 0.0070942723252070865, 0.007261427213992881, 0.006259129603739193, 0.006153510858046589, 0.004527553083818962, 0.0064803222757329835, 0.006460511612072252, 0.007822596891837464, 0.007120688685735772, 0.005870947763714969, 0.008126391139336771, 0.0074800952884990215, 0.0063160292639690765, 0.005143360207090049, 0.0054558474087137345, 0.007138288912031115, 0.00516682355570245], 'cv_mean_fit_time': [0.0075530529022216795, 0.03231525421142578, 0.096484375, 0.13394598960876464, 0.12642741203308105, 0.1673379898071289, 0.26666603088378904, 0.2875254154205322, 0.2535103321075439, 0.2662354469299316, 0.3917051315307617, 0.3268305778503418, 0.5083055973052979, 0.32856011390686035, 0.5648140430450439, 0.41496763229370115, 0.44118537902832033, 0.5877209663391113, 0.4093064785003662, 0.5289553165435791, 0.46897406578063966], 'cv_std_fit_time': [0.0003290286407842772, 0.0030604960872383288, 0.012346660067478872, 0.027257546193903328, 0.020886770181116704, 0.021710621303846864, 0.022325030636680468, 0.02756244826321745, 0.021027822119990207, 0.009472495459873394, 0.06320146265229169, 0.01629777199445842, 0.031066216721338226, 0.033366079490286984, 0.03952221401384025, 0.007837957048558265, 0.01486411192848183, 0.04710826522961292, 0.0096667881113083, 0.019021154292734998, 0.020781629858773715]}
