hidden_layer_sizes,best_params,best_accuracy_cv,training_time,accuracy_test,mean_fit_time,std_fit_time,mean_score_time,std_score_time,param_mlp_classification__alpha,params,split0_test_score,split1_test_score,split2_test_score,split3_test_score,split4_test_score,mean_test_score,std_test_score,rank_test_score
"(20000,)",{'mlp_classification__alpha': 1.0},0.8488376629843696,978.5115120410919,0.8510533750998096,"[2236.79129443 2595.93281002 2392.84557304 3413.92104011 2861.12683983
 7687.42752476 1120.00294423 1268.78503528  363.09648695 1333.05822129
  711.85235353  611.06990657  611.01283107  576.63356018]","[5.13519161e+02 2.31519180e+02 5.46123320e+02 5.49186169e+02
 3.19008526e+02 3.10100373e+03 5.83624954e+01 9.32356687e+01
 9.68980161e+00 4.60364002e+01 1.27733516e+02 1.38921602e+00
 9.39442063e-01 4.51976004e+01]","[ 1.7891417   1.88607588  1.92689934  1.83389239  1.6993659  27.10826373
  1.34657183  1.54937153  2.09117751  2.00904713  2.25151029  2.15795083
  2.19565063  1.67086716]","[0.11530421 0.0825361  0.12113651 0.49848852 0.12834316 9.72316333
 0.1109423  0.1425124  0.06626485 0.13506866 0.07527385 0.04546943
 0.09224821 0.26567459]","[1e-06 1e-05 0.0001 0.001 0.01 0.1 1.0 10.0 100.0 1000.0 10000.0 100000.0
 1000000.0 10000000.0]","[{'mlp_classification__alpha': 1e-06}, {'mlp_classification__alpha': 1e-05}, {'mlp_classification__alpha': 0.0001}, {'mlp_classification__alpha': 0.001}, {'mlp_classification__alpha': 0.01}, {'mlp_classification__alpha': 0.1}, {'mlp_classification__alpha': 1.0}, {'mlp_classification__alpha': 10.0}, {'mlp_classification__alpha': 100.0}, {'mlp_classification__alpha': 1000.0}, {'mlp_classification__alpha': 10000.0}, {'mlp_classification__alpha': 100000.0}, {'mlp_classification__alpha': 1000000.0}, {'mlp_classification__alpha': 10000000.0}]","[0.80561953 0.81145402 0.80623369 0.80577307 0.8137571  0.8165208
 0.84569323 0.84077998 0.75909719 0.75909719 0.75909719 0.75909719
 0.75909719 0.75909719]","[0.81572482 0.81649263 0.82171376 0.81587838 0.81511057 0.81695332
 0.84935504 0.84444103 0.75921376 0.75921376 0.75921376 0.75921376
 0.75921376 0.75921376]","[0.81864251 0.82294226 0.81464988 0.81695332 0.81987101 0.82724201
 0.85027641 0.84551597 0.75921376 0.75921376 0.75921376 0.75921376
 0.75921376 0.75921376]","[0.81787469 0.81726044 0.82355651 0.82094595 0.82217445 0.83062039
 0.84935504 0.84290541 0.75921376 0.75921376 0.75921376 0.75921376
 0.75921376 0.75921376]","[0.8227887  0.81971744 0.81603194 0.82017813 0.82171376 0.82109951
 0.8495086  0.84843366 0.75921376 0.75921376 0.75921376 0.75921376
 0.75921376 0.75921376]","[0.81613005 0.81757336 0.81643715 0.81594577 0.81852538 0.82248721
 0.84883766 0.84441521 0.75919045 0.75919045 0.75919045 0.75919045
 0.75919045 0.75919045]","[5.73287095e-03 3.79827516e-03 6.09913294e-03 5.42988373e-03
 3.45512981e-03 5.60186607e-03 1.60891105e-03 2.56338473e-03
 4.66275915e-05 4.66275915e-05 4.66275915e-05 4.66275915e-05
 4.66275915e-05 4.66275915e-05]",[7 5 6 8 4 3 1 2 9 9 9 9 9 9]
"(141, 141)",{'mlp_classification__alpha': 1.0},0.8468107349843876,35.615684509277344,0.8465696210306493,"[55.01855102 71.25109944 55.6065217  55.04033542 56.77954712 61.74483976
 36.327424   25.95630417 18.37409673 13.06489992 12.38042064 12.31445718
 12.40530486  8.20642343]","[ 6.44965726 12.44416741 12.56136274  8.3515173   7.94752831 17.54066043
  1.50484441  4.69028504  3.27249322  0.83641367  0.90575254  0.7259259
  0.50460657  0.71885932]","[0.03813205 0.03819232 0.03580923 0.03631101 0.04246278 0.06990809
 0.02924461 0.02744164 0.02939262 0.02692122 0.02643752 0.02742929
 0.03006206 0.02075987]","[0.00155204 0.0013802  0.00354309 0.00115906 0.0058474  0.04642552
 0.00071558 0.00142427 0.00154194 0.0003658  0.00045511 0.00154205
 0.00163474 0.0056772 ]","[1e-06 1e-05 0.0001 0.001 0.01 0.1 1.0 10.0 100.0 1000.0 10000.0 100000.0
 1000000.0 10000000.0]","[{'mlp_classification__alpha': 1e-06}, {'mlp_classification__alpha': 1e-05}, {'mlp_classification__alpha': 0.0001}, {'mlp_classification__alpha': 0.001}, {'mlp_classification__alpha': 0.01}, {'mlp_classification__alpha': 0.1}, {'mlp_classification__alpha': 1.0}, {'mlp_classification__alpha': 10.0}, {'mlp_classification__alpha': 100.0}, {'mlp_classification__alpha': 1000.0}, {'mlp_classification__alpha': 10000.0}, {'mlp_classification__alpha': 100000.0}, {'mlp_classification__alpha': 1000000.0}, {'mlp_classification__alpha': 10000000.0}]","[0.8039306  0.80270229 0.80377706 0.8031629  0.80930447 0.80961155
 0.84246891 0.83985874 0.75909719 0.75909719 0.75909719 0.75909719
 0.75909719 0.75909719]","[0.80850737 0.80190418 0.80850737 0.80666462 0.81050369 0.81403563
 0.8458231  0.84136978 0.75921376 0.75921376 0.75921376 0.75921376
 0.75921376 0.75921376]","[0.80328624 0.81511057 0.81557125 0.81280713 0.81941032 0.82063882
 0.85058354 0.8458231  0.75921376 0.75921376 0.75921376 0.75921376
 0.75921376 0.75921376]","[0.81679975 0.80973587 0.81142506 0.81480344 0.81756757 0.81879607
 0.84735872 0.84490172 0.75921376 0.75921376 0.75921376 0.75921376
 0.75921376 0.75921376]","[0.81649263 0.81265356 0.81679975 0.8112715  0.81756757 0.82294226
 0.84781941 0.84259828 0.75921376 0.75921376 0.75921376 0.75921376
 0.75921376 0.75921376]","[0.80980332 0.80842129 0.8112161  0.80974192 0.81487072 0.81720486
 0.84681073 0.84291032 0.75919045 0.75919045 0.75919045 0.75919045
 0.75919045 0.75919045]","[5.87090435e-03 5.28330218e-03 4.75109942e-03 4.24516894e-03
 4.12814942e-03 4.79466894e-03 2.66002440e-03 2.20148533e-03
 4.66275915e-05 4.66275915e-05 4.66275915e-05 4.66275915e-05
 4.66275915e-05 4.66275915e-05]",[6 8 5 7 4 3 1 2 9 9 9 9 9 9]
"(27, 27, 27)",{'mlp_classification__alpha': 1.0},0.8472713569270456,19.37067198753357,0.8474295190713101,"[68.75050168 74.73460937 78.78191433 86.51145873 76.81991091 51.13918386
 19.07250528 12.27759705  7.03119087  6.58599839  5.93090162  5.80600753
  6.4699779   5.55285134]","[ 2.6066683  10.79266137 12.74077879 21.58077373 15.11192124 11.76488044
  3.02052192  1.46659053  1.01568598  0.97219252  0.56511834  0.86235168
  0.94040025  0.8164804 ]","[0.01696496 0.01680293 0.01698532 0.01740627 0.01851525 0.01747136
 0.01411304 0.01324167 0.01240225 0.01211438 0.01201286 0.01214533
 0.01210213 0.01095243]","[4.94780316e-04 1.13862328e-03 8.99482334e-04 1.05846287e-03
 2.91138670e-03 5.86879958e-04 1.56029883e-03 1.91238316e-03
 6.03226284e-04 2.07916345e-04 6.47913795e-05 4.08700836e-04
 4.97388335e-04 1.06169139e-03]","[1e-06 1e-05 0.0001 0.001 0.01 0.1 1.0 10.0 100.0 1000.0 10000.0 100000.0
 1000000.0 10000000.0]","[{'mlp_classification__alpha': 1e-06}, {'mlp_classification__alpha': 1e-05}, {'mlp_classification__alpha': 0.0001}, {'mlp_classification__alpha': 0.001}, {'mlp_classification__alpha': 0.01}, {'mlp_classification__alpha': 0.1}, {'mlp_classification__alpha': 1.0}, {'mlp_classification__alpha': 10.0}, {'mlp_classification__alpha': 100.0}, {'mlp_classification__alpha': 1000.0}, {'mlp_classification__alpha': 10000.0}, {'mlp_classification__alpha': 100000.0}, {'mlp_classification__alpha': 1000000.0}, {'mlp_classification__alpha': 10000000.0}]","[0.80178105 0.79886381 0.80224167 0.8011669  0.80085982 0.81636727
 0.84461846 0.84108706 0.75909719 0.75909719 0.75909719 0.75909719
 0.75909719 0.75909719]","[0.79821867 0.80620393 0.80451474 0.80251843 0.81142506 0.82232801
 0.84735872 0.84229115 0.75921376 0.75921376 0.75921376 0.75921376
 0.75921376 0.75921376]","[0.81065725 0.81050369 0.80942875 0.80835381 0.81603194 0.82386364
 0.8495086  0.84536241 0.75921376 0.75921376 0.75921376 0.75921376
 0.75921376 0.75921376]","[0.81234644 0.81142506 0.81357494 0.81173219 0.81587838 0.82708845
 0.84812654 0.84536241 0.75921376 0.75921376 0.75921376 0.75921376
 0.75921376 0.75921376]","[0.80973587 0.81188575 0.81434275 0.81035012 0.81449631 0.82094595
 0.84674447 0.84490172 0.75921376 0.75921376 0.75921376 0.75921376
 0.75921376 0.75921376]","[0.80654786 0.80777645 0.80882057 0.80682429 0.8117383  0.82211866
 0.84727136 0.84380095 0.75919045 0.75919045 0.75919045 0.75919045
 0.75919045 0.75919045]","[5.52759968e-03 4.88967223e-03 4.80188432e-03 4.22859129e-03
 5.68545016e-03 3.52821203e-03 1.61615050e-03 1.77384860e-03
 4.66275915e-05 4.66275915e-05 4.66275915e-05 4.66275915e-05
 4.66275915e-05 4.66275915e-05]",[8 6 5 7 4 3 1 2 9 9 9 9 9 9]
