n_components,best_params,best_accuracy_cv,training_time,accuracy_test,mean_fit_time,std_fit_time,mean_score_time,std_score_time,param_nystroem__gamma,param_ridge_classification__alpha,params,split0_test_score,split1_test_score,split2_test_score,split3_test_score,split4_test_score,mean_test_score,std_test_score,rank_test_score
10,"{'nystroem__gamma': 8.982555655316915e-05, 'ridge_classification__alpha': 0.0017782794100389228}",0.8047050389864762,0.21473050117492676,0.7910447761194029,"[0.40245018 0.18587227 0.19280739 0.19285541 0.19498124 0.18012934
 0.17851753 0.18797908 0.18839755 0.19010968 0.18525577 0.17448726
 0.19152684 0.1673912  0.20026393 0.18604341 0.19013963 0.20317717
 0.18552885 0.18240247 0.19078531 0.18906732 0.18794498 0.1923389
 0.17157235]","[0.02936666 0.0337309  0.02375158 0.02309609 0.03614731 0.01594107
 0.01947636 0.02737285 0.02754016 0.02644777 0.02251387 0.01054343
 0.02631514 0.00817972 0.02747401 0.02310911 0.02577018 0.02044066
 0.02119259 0.02487727 0.02572401 0.02414172 0.02194011 0.02376432
 0.01528744]","[0.01772885 0.01431069 0.01334543 0.01284113 0.01498876 0.01350455
 0.01232247 0.01371875 0.01444926 0.01264825 0.01391644 0.01252232
 0.01305208 0.01188326 0.0159987  0.01388426 0.01478953 0.01361885
 0.01394682 0.01291304 0.01427312 0.01439409 0.01430607 0.01538262
 0.01254578]","[0.00244025 0.00229279 0.00165606 0.00177121 0.00258358 0.00368711
 0.00178634 0.00252637 0.001754   0.00128774 0.00270637 0.00150319
 0.00141162 0.00100279 0.00189957 0.00188581 0.00242995 0.00231371
 0.00167805 0.00125339 0.00274084 0.0031184  0.0030864  0.00240531
 0.00200012]","[7.939532520325204e-06 7.939532520325204e-06 7.939532520325204e-06
 7.939532520325204e-06 7.939532520325204e-06 8.982555655316915e-05
 8.982555655316915e-05 8.982555655316915e-05 8.982555655316915e-05
 8.982555655316915e-05 0.0010162601626016261 0.0010162601626016261
 0.0010162601626016261 0.0010162601626016261 0.0010162601626016261
 0.011497671238805652 0.011497671238805652 0.011497671238805652
 0.011497671238805652 0.011497671238805652 0.13008130081300814
 0.13008130081300814 0.13008130081300814 0.13008130081300814
 0.13008130081300814]","[0.0001 0.0017782794100389228 0.03162277660168379 0.5623413251903491 10.0
 0.0001 0.0017782794100389228 0.03162277660168379 0.5623413251903491 10.0
 0.0001 0.0017782794100389228 0.03162277660168379 0.5623413251903491 10.0
 0.0001 0.0017782794100389228 0.03162277660168379 0.5623413251903491 10.0
 0.0001 0.0017782794100389228 0.03162277660168379 0.5623413251903491 10.0]","[{'nystroem__gamma': 7.939532520325204e-06, 'ridge_classification__alpha': 0.0001}, {'nystroem__gamma': 7.939532520325204e-06, 'ridge_classification__alpha': 0.0017782794100389228}, {'nystroem__gamma': 7.939532520325204e-06, 'ridge_classification__alpha': 0.03162277660168379}, {'nystroem__gamma': 7.939532520325204e-06, 'ridge_classification__alpha': 0.5623413251903491}, {'nystroem__gamma': 7.939532520325204e-06, 'ridge_classification__alpha': 10.0}, {'nystroem__gamma': 8.982555655316915e-05, 'ridge_classification__alpha': 0.0001}, {'nystroem__gamma': 8.982555655316915e-05, 'ridge_classification__alpha': 0.0017782794100389228}, {'nystroem__gamma': 8.982555655316915e-05, 'ridge_classification__alpha': 0.03162277660168379}, {'nystroem__gamma': 8.982555655316915e-05, 'ridge_classification__alpha': 0.5623413251903491}, {'nystroem__gamma': 8.982555655316915e-05, 'ridge_classification__alpha': 10.0}, {'nystroem__gamma': 0.0010162601626016261, 'ridge_classification__alpha': 0.0001}, {'nystroem__gamma': 0.0010162601626016261, 'ridge_classification__alpha': 0.0017782794100389228}, {'nystroem__gamma': 0.0010162601626016261, 'ridge_classification__alpha': 0.03162277660168379}, {'nystroem__gamma': 0.0010162601626016261, 'ridge_classification__alpha': 0.5623413251903491}, {'nystroem__gamma': 0.0010162601626016261, 'ridge_classification__alpha': 10.0}, {'nystroem__gamma': 0.011497671238805652, 'ridge_classification__alpha': 0.0001}, {'nystroem__gamma': 0.011497671238805652, 'ridge_classification__alpha': 0.0017782794100389228}, {'nystroem__gamma': 0.011497671238805652, 'ridge_classification__alpha': 0.03162277660168379}, {'nystroem__gamma': 0.011497671238805652, 'ridge_classification__alpha': 0.5623413251903491}, {'nystroem__gamma': 0.011497671238805652, 'ridge_classification__alpha': 10.0}, {'nystroem__gamma': 0.13008130081300814, 'ridge_classification__alpha': 0.0001}, {'nystroem__gamma': 0.13008130081300814, 'ridge_classification__alpha': 0.0017782794100389228}, {'nystroem__gamma': 0.13008130081300814, 'ridge_classification__alpha': 0.03162277660168379}, {'nystroem__gamma': 0.13008130081300814, 'ridge_classification__alpha': 0.5623413251903491}, {'nystroem__gamma': 0.13008130081300814, 'ridge_classification__alpha': 10.0}]","[0.77076616 0.77583295 0.79272225 0.75541225 0.75909719 0.80024566
 0.8039306  0.80346998 0.79886381 0.78873023 0.78903731 0.78873023
 0.80945801 0.81007216 0.77813604 0.79487179 0.79026562 0.76477814
 0.76293567 0.77936435 0.75894365 0.75909719 0.75909719 0.75925073
 0.75909719]","[0.76443489 0.77533784 0.78025184 0.75844595 0.75921376 0.77272727
 0.80988943 0.79576167 0.80175061 0.76612408 0.81449631 0.81848894
 0.79867936 0.79637592 0.76121007 0.78270885 0.79054054 0.7627457
 0.78209459 0.80927518 0.75921376 0.75921376 0.75921376 0.75921376
 0.75921376]","[0.814957   0.80144349 0.81203931 0.80297912 0.75921376 0.80144349
 0.8137285  0.78301597 0.81418919 0.76750614 0.79898649 0.78777641
 0.78071253 0.80773956 0.76842752 0.76719902 0.78961916 0.75614251
 0.77579853 0.79330467 0.75936732 0.75936732 0.75936732 0.75936732
 0.75921376]","[0.81111794 0.80251843 0.77288084 0.76566339 0.75921376 0.78685504
 0.80405405 0.81649263 0.78685504 0.76812039 0.79637592 0.80313268
 0.77948403 0.80251843 0.77503071 0.75936732 0.77641278 0.7972973
 0.78040541 0.78393735 0.75921376 0.75921376 0.75952088 0.75921376
 0.75952088]","[0.78055897 0.79883292 0.81219287 0.75537469 0.75921376 0.78148034
 0.7919226  0.75737101 0.7997543  0.76842752 0.81188575 0.77380221
 0.7919226  0.79207617 0.80835381 0.78501229 0.78869779 0.77472359
 0.76351351 0.77334152 0.75936732 0.75936732 0.75921376 0.75921376
 0.7590602 ]","[0.78836699 0.79079313 0.79401742 0.76757508 0.75919045 0.78855036
 0.80470504 0.79122225 0.80028259 0.77178167 0.80215636 0.7943861
 0.79205131 0.80175645 0.77823163 0.77783185 0.78710718 0.77113745
 0.77294954 0.78784461 0.75922116 0.75925187 0.75928258 0.75925187
 0.75922116]","[2.08237085e-02 1.24757692e-02 1.60814150e-02 1.80954425e-02
 4.66275915e-05 1.10112871e-02 7.38532331e-03 2.01119617e-02
 8.69643380e-03 8.51113982e-03 9.61775999e-03 1.52106737e-02
 1.12556225e-02 6.75554946e-03 1.61459259e-02 1.28039008e-02
 5.38468374e-03 1.43729515e-02 8.20554591e-03 1.25427495e-02
 1.54820724e-04 1.03430132e-04 1.46841544e-04 5.94772744e-05
 1.62001274e-04]","[11  9  6 19 25 10  1  8  4 17  2  5  7  3 14 15 13 18 16 12 23 21 20 22
 24]"
20,"{'nystroem__gamma': 8.982555655316915e-05, 'ridge_classification__alpha': 0.0001}",0.8209207553518931,0.19416475296020508,0.8194828327498311,"[0.2161047  0.1994832  0.22125235 0.19500098 0.19775796 0.19771848
 0.20994377 0.19293923 0.1922183  0.19111762 0.1912806  0.19054189
 0.18993716 0.19146748 0.1913012  0.19756718 0.19971824 0.20434022
 0.19357772 0.19114981 0.18657994 0.19349465 0.19262972 0.19023166
 0.18896298]","[0.02619369 0.01120055 0.02501412 0.00838538 0.01379385 0.01053798
 0.02812374 0.01030704 0.00984518 0.00963697 0.00951192 0.01489532
 0.0081283  0.00876993 0.00835251 0.01360919 0.01832469 0.01910758
 0.00402473 0.0081264  0.01217849 0.00885357 0.00847607 0.00716192
 0.00885511]","[0.01602602 0.01617551 0.01776142 0.01482787 0.01524496 0.01592937
 0.01475501 0.01509275 0.01485763 0.01563702 0.01544461 0.01522017
 0.01679668 0.01506033 0.01402187 0.01523161 0.01725793 0.0170702
 0.01656818 0.01575823 0.01516123 0.01589823 0.01515546 0.01472878
 0.0145113 ]","[0.00207999 0.00174954 0.00114002 0.0009155  0.00149049 0.00239398
 0.00152246 0.00108283 0.0015329  0.00079561 0.00141008 0.00281244
 0.00222993 0.0012576  0.00093671 0.00156036 0.00356258 0.00110249
 0.00194577 0.00150887 0.00147573 0.00164667 0.0019741  0.00157092
 0.00207354]","[7.939532520325204e-06 7.939532520325204e-06 7.939532520325204e-06
 7.939532520325204e-06 7.939532520325204e-06 8.982555655316915e-05
 8.982555655316915e-05 8.982555655316915e-05 8.982555655316915e-05
 8.982555655316915e-05 0.0010162601626016261 0.0010162601626016261
 0.0010162601626016261 0.0010162601626016261 0.0010162601626016261
 0.011497671238805652 0.011497671238805652 0.011497671238805652
 0.011497671238805652 0.011497671238805652 0.13008130081300814
 0.13008130081300814 0.13008130081300814 0.13008130081300814
 0.13008130081300814]","[0.0001 0.0017782794100389228 0.03162277660168379 0.5623413251903491 10.0
 0.0001 0.0017782794100389228 0.03162277660168379 0.5623413251903491 10.0
 0.0001 0.0017782794100389228 0.03162277660168379 0.5623413251903491 10.0
 0.0001 0.0017782794100389228 0.03162277660168379 0.5623413251903491 10.0
 0.0001 0.0017782794100389228 0.03162277660168379 0.5623413251903491 10.0]","[{'nystroem__gamma': 7.939532520325204e-06, 'ridge_classification__alpha': 0.0001}, {'nystroem__gamma': 7.939532520325204e-06, 'ridge_classification__alpha': 0.0017782794100389228}, {'nystroem__gamma': 7.939532520325204e-06, 'ridge_classification__alpha': 0.03162277660168379}, {'nystroem__gamma': 7.939532520325204e-06, 'ridge_classification__alpha': 0.5623413251903491}, {'nystroem__gamma': 7.939532520325204e-06, 'ridge_classification__alpha': 10.0}, {'nystroem__gamma': 8.982555655316915e-05, 'ridge_classification__alpha': 0.0001}, {'nystroem__gamma': 8.982555655316915e-05, 'ridge_classification__alpha': 0.0017782794100389228}, {'nystroem__gamma': 8.982555655316915e-05, 'ridge_classification__alpha': 0.03162277660168379}, {'nystroem__gamma': 8.982555655316915e-05, 'ridge_classification__alpha': 0.5623413251903491}, {'nystroem__gamma': 8.982555655316915e-05, 'ridge_classification__alpha': 10.0}, {'nystroem__gamma': 0.0010162601626016261, 'ridge_classification__alpha': 0.0001}, {'nystroem__gamma': 0.0010162601626016261, 'ridge_classification__alpha': 0.0017782794100389228}, {'nystroem__gamma': 0.0010162601626016261, 'ridge_classification__alpha': 0.03162277660168379}, {'nystroem__gamma': 0.0010162601626016261, 'ridge_classification__alpha': 0.5623413251903491}, {'nystroem__gamma': 0.0010162601626016261, 'ridge_classification__alpha': 10.0}, {'nystroem__gamma': 0.011497671238805652, 'ridge_classification__alpha': 0.0001}, {'nystroem__gamma': 0.011497671238805652, 'ridge_classification__alpha': 0.0017782794100389228}, {'nystroem__gamma': 0.011497671238805652, 'ridge_classification__alpha': 0.03162277660168379}, {'nystroem__gamma': 0.011497671238805652, 'ridge_classification__alpha': 0.5623413251903491}, {'nystroem__gamma': 0.011497671238805652, 'ridge_classification__alpha': 10.0}, {'nystroem__gamma': 0.13008130081300814, 'ridge_classification__alpha': 0.0001}, {'nystroem__gamma': 0.13008130081300814, 'ridge_classification__alpha': 0.0017782794100389228}, {'nystroem__gamma': 0.13008130081300814, 'ridge_classification__alpha': 0.03162277660168379}, {'nystroem__gamma': 0.13008130081300814, 'ridge_classification__alpha': 0.5623413251903491}, {'nystroem__gamma': 0.13008130081300814, 'ridge_classification__alpha': 10.0}]","[0.81206817 0.81529249 0.81713496 0.79379702 0.75909719 0.82020574
 0.81160755 0.81882389 0.81713496 0.78719484 0.82189467 0.82266237
 0.80930447 0.8102257  0.81943805 0.80423768 0.80300937 0.80423768
 0.78688776 0.807462   0.75894365 0.75909719 0.75909719 0.76001842
 0.75955781]","[0.82417076 0.81848894 0.80973587 0.79084767 0.75921376 0.82816339
 0.81188575 0.82831695 0.82816339 0.77687346 0.82908477 0.8215602
 0.80574324 0.81357494 0.82432432 0.7972973  0.7985258  0.81050369
 0.81833538 0.79637592 0.75952088 0.75982801 0.76044226 0.75921376
 0.75921376]","[0.81526413 0.81649263 0.81557125 0.78316953 0.75921376 0.82171376
 0.80697174 0.81403563 0.79422604 0.79161548 0.81157862 0.79775799
 0.81157862 0.81311425 0.81572482 0.80651106 0.80558968 0.80451474
 0.8046683  0.8112715  0.75936732 0.76074939 0.75936732 0.75952088
 0.75921376]","[0.82463145 0.82386364 0.82048526 0.8046683  0.75921376 0.82662776
 0.81464988 0.81557125 0.82678133 0.7919226  0.81541769 0.79330467
 0.81695332 0.80635749 0.82447789 0.80006143 0.79560811 0.79622236
 0.80144349 0.80620393 0.75936732 0.75952088 0.75875307 0.75921376
 0.75921376]","[0.81603194 0.8240172  0.82309582 0.79714373 0.75921376 0.80789312
 0.82140663 0.81833538 0.81311425 0.77656634 0.82094595 0.82478501
 0.81219287 0.81971744 0.81864251 0.78485872 0.79453317 0.8046683
 0.80328624 0.80236486 0.75936732 0.75890663 0.75921376 0.75921376
 0.75921376]","[0.81843329 0.81963098 0.81720463 0.79392525 0.75919045 0.82092076
 0.81330431 0.81901662 0.81588399 0.78483455 0.81978434 0.81201405
 0.81115451 0.81259797 0.82052152 0.79859324 0.79945322 0.80402935
 0.80292424 0.80473564 0.7593133  0.75962042 0.75937472 0.75943612
 0.75928257]","[5.05293114e-03 3.66415803e-03 4.55903044e-03 7.08442345e-03
 4.66275915e-05 7.15381139e-03 4.74238093e-03 4.97349536e-03
 1.22297885e-02 6.83424737e-03 5.97833032e-03 1.35712152e-02
 3.67664791e-03 4.39270143e-03 3.40079812e-03 7.57658913e-03
 4.24627401e-03 4.55089886e-03 1.00003729e-02 5.05592391e-03
 1.94158021e-04 6.49742177e-04 5.70802179e-04 3.14514462e-04
 1.37619299e-04]","[ 6  4  7 18 25  1  9  5  8 19  3 11 12 10  2 17 16 14 15 13 23 20 22 21
 24]"
50,"{'nystroem__gamma': 8.982555655316915e-05, 'ridge_classification__alpha': 0.0017782794100389228}",0.8425724717640886,0.3369128704071045,0.8440513481972852,"[0.43932533 0.30535936 0.30646429 0.29153047 0.31991663 0.27026868
 0.29560537 0.29215951 0.26874218 0.28243241 0.29734845 0.28177896
 0.29909811 0.27486563 0.31547594 0.28636832 0.31094279 0.29603181
 0.31130519 0.29408388 0.28954477 0.31066465 0.3268384  0.28964252
 0.3177546 ]","[0.04530008 0.06755624 0.03962683 0.02941914 0.05086173 0.02565445
 0.04065026 0.04096873 0.01309876 0.02909799 0.05060589 0.03434017
 0.04673018 0.01239307 0.04652971 0.02109787 0.05256434 0.01859245
 0.04314876 0.03920101 0.02135302 0.06519544 0.03092336 0.02993087
 0.03679175]","[0.02690043 0.02952704 0.03103886 0.02647533 0.03231316 0.02726235
 0.03299284 0.03091025 0.03323746 0.02714715 0.03516102 0.02791972
 0.03301897 0.03736715 0.02615695 0.02650876 0.02800112 0.03616791
 0.04047618 0.03586397 0.03577099 0.03295736 0.03141789 0.02703905
 0.02630887]","[0.00391201 0.00627274 0.01094076 0.00459984 0.00923488 0.00546153
 0.00771932 0.01073268 0.01273679 0.00160639 0.01136677 0.00208047
 0.01133881 0.01052033 0.00179162 0.00366156 0.00314688 0.01023927
 0.00967717 0.00862852 0.0195403  0.00901788 0.00625369 0.00480134
 0.0029929 ]","[7.939532520325204e-06 7.939532520325204e-06 7.939532520325204e-06
 7.939532520325204e-06 7.939532520325204e-06 8.982555655316915e-05
 8.982555655316915e-05 8.982555655316915e-05 8.982555655316915e-05
 8.982555655316915e-05 0.0010162601626016261 0.0010162601626016261
 0.0010162601626016261 0.0010162601626016261 0.0010162601626016261
 0.011497671238805652 0.011497671238805652 0.011497671238805652
 0.011497671238805652 0.011497671238805652 0.13008130081300814
 0.13008130081300814 0.13008130081300814 0.13008130081300814
 0.13008130081300814]","[0.0001 0.0017782794100389228 0.03162277660168379 0.5623413251903491 10.0
 0.0001 0.0017782794100389228 0.03162277660168379 0.5623413251903491 10.0
 0.0001 0.0017782794100389228 0.03162277660168379 0.5623413251903491 10.0
 0.0001 0.0017782794100389228 0.03162277660168379 0.5623413251903491 10.0
 0.0001 0.0017782794100389228 0.03162277660168379 0.5623413251903491 10.0]","[{'nystroem__gamma': 7.939532520325204e-06, 'ridge_classification__alpha': 0.0001}, {'nystroem__gamma': 7.939532520325204e-06, 'ridge_classification__alpha': 0.0017782794100389228}, {'nystroem__gamma': 7.939532520325204e-06, 'ridge_classification__alpha': 0.03162277660168379}, {'nystroem__gamma': 7.939532520325204e-06, 'ridge_classification__alpha': 0.5623413251903491}, {'nystroem__gamma': 7.939532520325204e-06, 'ridge_classification__alpha': 10.0}, {'nystroem__gamma': 8.982555655316915e-05, 'ridge_classification__alpha': 0.0001}, {'nystroem__gamma': 8.982555655316915e-05, 'ridge_classification__alpha': 0.0017782794100389228}, {'nystroem__gamma': 8.982555655316915e-05, 'ridge_classification__alpha': 0.03162277660168379}, {'nystroem__gamma': 8.982555655316915e-05, 'ridge_classification__alpha': 0.5623413251903491}, {'nystroem__gamma': 8.982555655316915e-05, 'ridge_classification__alpha': 10.0}, {'nystroem__gamma': 0.0010162601626016261, 'ridge_classification__alpha': 0.0001}, {'nystroem__gamma': 0.0010162601626016261, 'ridge_classification__alpha': 0.0017782794100389228}, {'nystroem__gamma': 0.0010162601626016261, 'ridge_classification__alpha': 0.03162277660168379}, {'nystroem__gamma': 0.0010162601626016261, 'ridge_classification__alpha': 0.5623413251903491}, {'nystroem__gamma': 0.0010162601626016261, 'ridge_classification__alpha': 10.0}, {'nystroem__gamma': 0.011497671238805652, 'ridge_classification__alpha': 0.0001}, {'nystroem__gamma': 0.011497671238805652, 'ridge_classification__alpha': 0.0017782794100389228}, {'nystroem__gamma': 0.011497671238805652, 'ridge_classification__alpha': 0.03162277660168379}, {'nystroem__gamma': 0.011497671238805652, 'ridge_classification__alpha': 0.5623413251903491}, {'nystroem__gamma': 0.011497671238805652, 'ridge_classification__alpha': 10.0}, {'nystroem__gamma': 0.13008130081300814, 'ridge_classification__alpha': 0.0001}, {'nystroem__gamma': 0.13008130081300814, 'ridge_classification__alpha': 0.0017782794100389228}, {'nystroem__gamma': 0.13008130081300814, 'ridge_classification__alpha': 0.03162277660168379}, {'nystroem__gamma': 0.13008130081300814, 'ridge_classification__alpha': 0.5623413251903491}, {'nystroem__gamma': 0.13008130081300814, 'ridge_classification__alpha': 10.0}]","[0.83555965 0.84001228 0.84492553 0.82373714 0.75909719 0.83985874
 0.84031936 0.83003224 0.83617381 0.8102257  0.83202825 0.83724858
 0.83248887 0.83863043 0.83509903 0.82373714 0.81959159 0.83033932
 0.82573315 0.82128052 0.75940427 0.75909719 0.76078612 0.75863657
 0.75909719]","[0.84305897 0.84213759 0.84075553 0.82539926 0.75921376 0.83599509
 0.84029484 0.8392199  0.84229115 0.81065725 0.83768428 0.84090909
 0.83906634 0.83614865 0.83445946 0.82939189 0.81941032 0.82248157
 0.82171376 0.81587838 0.76197789 0.75998157 0.76059582 0.7590602
 0.75921376]","[0.84244472 0.84367322 0.84075553 0.82693489 0.75921376 0.84321253
 0.84551597 0.84428747 0.84121622 0.81157862 0.84198403 0.84106265
 0.84090909 0.84398034 0.83845209 0.82186732 0.82463145 0.81971744
 0.82002457 0.81956388 0.75967445 0.76013514 0.76059582 0.75952088
 0.7590602 ]","[0.83691646 0.83845209 0.84014128 0.82217445 0.75921376 0.84090909
 0.84321253 0.83814496 0.83277027 0.80789312 0.84336609 0.84090909
 0.83507371 0.83768428 0.83445946 0.82632064 0.81111794 0.81464988
 0.82816339 0.82340295 0.75936732 0.76074939 0.75982801 0.7590602
 0.75921376]","[0.84029484 0.84398034 0.84183047 0.82816339 0.75921376 0.84275184
 0.84351966 0.84490172 0.84213759 0.80973587 0.84229115 0.84014128
 0.83875921 0.84275184 0.8416769  0.82616708 0.82125307 0.8289312
 0.8240172  0.82800983 0.75982801 0.7590602  0.75998157 0.75952088
 0.75921376]","[0.83965493 0.84165111 0.84168167 0.82528183 0.75919045 0.84054546
 0.84257247 0.83931726 0.83891781 0.81001811 0.83947076 0.84005414
 0.83725944 0.83983911 0.83682939 0.82549681 0.81920087 0.82322388
 0.82393041 0.82162711 0.76005039 0.7598047  0.76035747 0.75915975
 0.75915973]","[2.96817791e-03 2.12933847e-03 1.71073533e-03 2.14903139e-03
 4.66275915e-05 2.58035272e-03 2.01172217e-03 5.35694816e-03
 3.80396963e-03 1.22327719e-03 4.19588460e-03 1.43928753e-03
 3.04532185e-03 3.01189485e-03 2.84108507e-03 2.55222383e-03
 4.45495395e-03 5.82344719e-03 2.87557481e-03 4.03280655e-03
 9.78783506e-04 6.46182305e-04 3.79207673e-04 3.32978145e-04
 6.71946361e-05]","[ 7  3  2 14 23  4  1  9 10 19  8  5 11  6 12 13 18 16 15 17 21 22 20 24
 25]"
100,"{'nystroem__gamma': 8.982555655316915e-05, 'ridge_classification__alpha': 0.0017782794100389228}",0.8447529954266482,0.48841214179992676,0.8469995700509797,"[0.44368949 0.39108872 0.38002138 0.40070324 0.39785943 0.40175238
 0.37441683 0.39421496 0.43071694 0.39814677 0.40162282 0.39682264
 0.39302549 0.4100214  0.39866714 0.38985047 0.43390598 0.3810688
 0.42531462 0.40954547 0.38463268 0.39994583 0.41459932 0.38065872
 0.36956873]","[0.04477589 0.04245373 0.02863836 0.02105613 0.02206099 0.03946149
 0.04023429 0.02790332 0.06923018 0.05412164 0.05906065 0.04611623
 0.0389621  0.02146038 0.03424442 0.01340064 0.07746361 0.03273953
 0.05828284 0.06286805 0.01886775 0.033768   0.04750658 0.03085271
 0.04323433]","[0.05939336 0.05439606 0.0548233  0.06647878 0.07116156 0.07560978
 0.05542707 0.05672641 0.06948595 0.06830759 0.06587873 0.06129727
 0.06900597 0.07560568 0.06631384 0.07559576 0.06463494 0.06217318
 0.07016053 0.07339678 0.06505651 0.05768132 0.06555543 0.05992694
 0.05437293]","[0.00911113 0.00968613 0.00536752 0.01718664 0.01605567 0.02381719
 0.00711165 0.00436999 0.02311358 0.01502478 0.01071003 0.00996951
 0.01030631 0.02272303 0.01667462 0.01724398 0.00908636 0.01904541
 0.01945663 0.02112475 0.01385364 0.0074511  0.0099307  0.01769194
 0.01223713]","[7.939532520325204e-06 7.939532520325204e-06 7.939532520325204e-06
 7.939532520325204e-06 7.939532520325204e-06 8.982555655316915e-05
 8.982555655316915e-05 8.982555655316915e-05 8.982555655316915e-05
 8.982555655316915e-05 0.0010162601626016261 0.0010162601626016261
 0.0010162601626016261 0.0010162601626016261 0.0010162601626016261
 0.011497671238805652 0.011497671238805652 0.011497671238805652
 0.011497671238805652 0.011497671238805652 0.13008130081300814
 0.13008130081300814 0.13008130081300814 0.13008130081300814
 0.13008130081300814]","[0.0001 0.0017782794100389228 0.03162277660168379 0.5623413251903491 10.0
 0.0001 0.0017782794100389228 0.03162277660168379 0.5623413251903491 10.0
 0.0001 0.0017782794100389228 0.03162277660168379 0.5623413251903491 10.0
 0.0001 0.0017782794100389228 0.03162277660168379 0.5623413251903491 10.0
 0.0001 0.0017782794100389228 0.03162277660168379 0.5623413251903491 10.0]","[{'nystroem__gamma': 7.939532520325204e-06, 'ridge_classification__alpha': 0.0001}, {'nystroem__gamma': 7.939532520325204e-06, 'ridge_classification__alpha': 0.0017782794100389228}, {'nystroem__gamma': 7.939532520325204e-06, 'ridge_classification__alpha': 0.03162277660168379}, {'nystroem__gamma': 7.939532520325204e-06, 'ridge_classification__alpha': 0.5623413251903491}, {'nystroem__gamma': 7.939532520325204e-06, 'ridge_classification__alpha': 10.0}, {'nystroem__gamma': 8.982555655316915e-05, 'ridge_classification__alpha': 0.0001}, {'nystroem__gamma': 8.982555655316915e-05, 'ridge_classification__alpha': 0.0017782794100389228}, {'nystroem__gamma': 8.982555655316915e-05, 'ridge_classification__alpha': 0.03162277660168379}, {'nystroem__gamma': 8.982555655316915e-05, 'ridge_classification__alpha': 0.5623413251903491}, {'nystroem__gamma': 8.982555655316915e-05, 'ridge_classification__alpha': 10.0}, {'nystroem__gamma': 0.0010162601626016261, 'ridge_classification__alpha': 0.0001}, {'nystroem__gamma': 0.0010162601626016261, 'ridge_classification__alpha': 0.0017782794100389228}, {'nystroem__gamma': 0.0010162601626016261, 'ridge_classification__alpha': 0.03162277660168379}, {'nystroem__gamma': 0.0010162601626016261, 'ridge_classification__alpha': 0.5623413251903491}, {'nystroem__gamma': 0.0010162601626016261, 'ridge_classification__alpha': 10.0}, {'nystroem__gamma': 0.011497671238805652, 'ridge_classification__alpha': 0.0001}, {'nystroem__gamma': 0.011497671238805652, 'ridge_classification__alpha': 0.0017782794100389228}, {'nystroem__gamma': 0.011497671238805652, 'ridge_classification__alpha': 0.03162277660168379}, {'nystroem__gamma': 0.011497671238805652, 'ridge_classification__alpha': 0.5623413251903491}, {'nystroem__gamma': 0.011497671238805652, 'ridge_classification__alpha': 10.0}, {'nystroem__gamma': 0.13008130081300814, 'ridge_classification__alpha': 0.0001}, {'nystroem__gamma': 0.13008130081300814, 'ridge_classification__alpha': 0.0017782794100389228}, {'nystroem__gamma': 0.13008130081300814, 'ridge_classification__alpha': 0.03162277660168379}, {'nystroem__gamma': 0.13008130081300814, 'ridge_classification__alpha': 0.5623413251903491}, {'nystroem__gamma': 0.13008130081300814, 'ridge_classification__alpha': 10.0}]","[0.84108706 0.8404729  0.84139413 0.82803624 0.75909719 0.84139413
 0.84246891 0.84093352 0.83939813 0.81068632 0.83801628 0.8397052
 0.83801628 0.8404729  0.83847689 0.83033932 0.83110702 0.827115
 0.82696146 0.82696146 0.7603255  0.76047904 0.75832949 0.75925073
 0.75955781]","[0.84597666 0.84290541 0.84551597 0.82724201 0.75921376 0.84152334
 0.84536241 0.84490172 0.84229115 0.81403563 0.84490172 0.8416769
 0.84060197 0.84413391 0.84336609 0.82678133 0.83906634 0.82417076
 0.83154177 0.83261671 0.76197789 0.7615172  0.76090295 0.76320639
 0.75952088]","[0.84259828 0.84444103 0.84536241 0.82831695 0.75921376 0.84643735
 0.84459459 0.84597666 0.84597666 0.81695332 0.8470516  0.84244472
 0.84198403 0.84474816 0.84090909 0.83768428 0.83492015 0.82831695
 0.83261671 0.8289312  0.75936732 0.76044226 0.75921376 0.76074939
 0.75952088]","[0.84428747 0.84336609 0.83937346 0.83138821 0.75921376 0.84520885
 0.84536241 0.84275184 0.83845209 0.81449631 0.84244472 0.84321253
 0.8404484  0.84290541 0.84121622 0.83092752 0.83353808 0.83891278
 0.82340295 0.83031327 0.7602887  0.76121007 0.75936732 0.76121007
 0.75998157]","[0.84643735 0.84351966 0.84213759 0.83108108 0.75921376 0.84613022
 0.84597666 0.84490172 0.84259828 0.81664619 0.84382678 0.84275184
 0.84305897 0.84398034 0.84106265 0.82939189 0.83630221 0.83599509
 0.83768428 0.83200246 0.76121007 0.76013514 0.75952088 0.75859951
 0.75936732]","[0.84407736 0.84294102 0.84275671 0.8292129  0.75919045 0.84413878
 0.844753   0.84389309 0.84174326 0.81456355 0.84324822 0.84195824
 0.84082193 0.84324814 0.84100619 0.83102487 0.83498676 0.83090212
 0.83044143 0.83016502 0.7606339  0.76075674 0.75946688 0.76060322
 0.75958969]","[2.01745424e-03 1.33104664e-03 2.37020881e-03 1.69078133e-03
 4.66275915e-05 2.22566308e-03 1.22329579e-03 1.81314315e-03
 2.65647776e-03 2.25231086e-03 3.01838816e-03 1.23247941e-03
 1.69790580e-03 1.50931634e-03 1.55069132e-03 3.61943112e-03
 2.66566637e-03 5.59366539e-03 4.90003648e-03 2.05883522e-03
 8.89580877e-04 5.18886422e-04 8.28593491e-04 1.61308468e-03
 2.06641888e-04]","[ 3  7  8 18 25  2  1  4 10 19  5  9 12  6 11 14 13 15 16 17 21 20 24 22
 23]"
200,"{'nystroem__gamma': 0.0010162601626016261, 'ridge_classification__alpha': 0.0001}",0.8469643447936861,0.7338793277740479,0.8484122596892083,"[0.80914388 0.74147582 0.69521651 0.6677309  0.75661049 0.71952677
 0.70395827 0.73524947 0.76542926 0.73062873 0.70654049 0.70324693
 0.7508872  0.70468283 0.72889757 0.70708628 0.76485357 0.72762094
 0.71369467 0.71190038 0.7509284  0.77422123 0.73584285 0.73386722
 0.71534491]","[0.0568825  0.05649802 0.0370215  0.02520194 0.0646295  0.03816456
 0.01621542 0.06033095 0.05164247 0.03647627 0.03860378 0.05707451
 0.07895318 0.03090226 0.03780111 0.02877809 0.06578933 0.05519533
 0.06137164 0.05763686 0.06732126 0.08984283 0.02618432 0.03768238
 0.04547201]","[0.08547859 0.09702606 0.0862771  0.07578812 0.0788394  0.08354826
 0.07909365 0.09038262 0.08350224 0.08319864 0.08667045 0.09542065
 0.0817884  0.07995114 0.0779479  0.08602157 0.09044442 0.08482637
 0.07793484 0.07888603 0.07502098 0.09138489 0.07903595 0.08831067
 0.06501579]","[0.01461002 0.01476332 0.00924246 0.01052    0.00998946 0.01271
 0.01093027 0.00767866 0.00732052 0.01113474 0.01137582 0.01730225
 0.0110062  0.00874126 0.00634257 0.01982423 0.00589423 0.00747128
 0.0041817  0.00627954 0.0086683  0.01784778 0.00191774 0.00137678
 0.01128262]","[7.939532520325204e-06 7.939532520325204e-06 7.939532520325204e-06
 7.939532520325204e-06 7.939532520325204e-06 8.982555655316915e-05
 8.982555655316915e-05 8.982555655316915e-05 8.982555655316915e-05
 8.982555655316915e-05 0.0010162601626016261 0.0010162601626016261
 0.0010162601626016261 0.0010162601626016261 0.0010162601626016261
 0.011497671238805652 0.011497671238805652 0.011497671238805652
 0.011497671238805652 0.011497671238805652 0.13008130081300814
 0.13008130081300814 0.13008130081300814 0.13008130081300814
 0.13008130081300814]","[0.0001 0.0017782794100389228 0.03162277660168379 0.5623413251903491 10.0
 0.0001 0.0017782794100389228 0.03162277660168379 0.5623413251903491 10.0
 0.0001 0.0017782794100389228 0.03162277660168379 0.5623413251903491 10.0
 0.0001 0.0017782794100389228 0.03162277660168379 0.5623413251903491 10.0
 0.0001 0.0017782794100389228 0.03162277660168379 0.5623413251903491 10.0]","[{'nystroem__gamma': 7.939532520325204e-06, 'ridge_classification__alpha': 0.0001}, {'nystroem__gamma': 7.939532520325204e-06, 'ridge_classification__alpha': 0.0017782794100389228}, {'nystroem__gamma': 7.939532520325204e-06, 'ridge_classification__alpha': 0.03162277660168379}, {'nystroem__gamma': 7.939532520325204e-06, 'ridge_classification__alpha': 0.5623413251903491}, {'nystroem__gamma': 7.939532520325204e-06, 'ridge_classification__alpha': 10.0}, {'nystroem__gamma': 8.982555655316915e-05, 'ridge_classification__alpha': 0.0001}, {'nystroem__gamma': 8.982555655316915e-05, 'ridge_classification__alpha': 0.0017782794100389228}, {'nystroem__gamma': 8.982555655316915e-05, 'ridge_classification__alpha': 0.03162277660168379}, {'nystroem__gamma': 8.982555655316915e-05, 'ridge_classification__alpha': 0.5623413251903491}, {'nystroem__gamma': 8.982555655316915e-05, 'ridge_classification__alpha': 10.0}, {'nystroem__gamma': 0.0010162601626016261, 'ridge_classification__alpha': 0.0001}, {'nystroem__gamma': 0.0010162601626016261, 'ridge_classification__alpha': 0.0017782794100389228}, {'nystroem__gamma': 0.0010162601626016261, 'ridge_classification__alpha': 0.03162277660168379}, {'nystroem__gamma': 0.0010162601626016261, 'ridge_classification__alpha': 0.5623413251903491}, {'nystroem__gamma': 0.0010162601626016261, 'ridge_classification__alpha': 10.0}, {'nystroem__gamma': 0.011497671238805652, 'ridge_classification__alpha': 0.0001}, {'nystroem__gamma': 0.011497671238805652, 'ridge_classification__alpha': 0.0017782794100389228}, {'nystroem__gamma': 0.011497671238805652, 'ridge_classification__alpha': 0.03162277660168379}, {'nystroem__gamma': 0.011497671238805652, 'ridge_classification__alpha': 0.5623413251903491}, {'nystroem__gamma': 0.011497671238805652, 'ridge_classification__alpha': 10.0}, {'nystroem__gamma': 0.13008130081300814, 'ridge_classification__alpha': 0.0001}, {'nystroem__gamma': 0.13008130081300814, 'ridge_classification__alpha': 0.0017782794100389228}, {'nystroem__gamma': 0.13008130081300814, 'ridge_classification__alpha': 0.03162277660168379}, {'nystroem__gamma': 0.13008130081300814, 'ridge_classification__alpha': 0.5623413251903491}, {'nystroem__gamma': 0.13008130081300814, 'ridge_classification__alpha': 10.0}]","[0.84031936 0.84216183 0.84139413 0.82880393 0.75909719 0.84154767
 0.84231537 0.84077998 0.84108706 0.81298941 0.84093352 0.84170121
 0.8404729  0.84154767 0.83939813 0.83433134 0.83387072 0.83402426
 0.83387072 0.83356364 0.75986489 0.76140028 0.76155382 0.75986489
 0.75925073]","[0.84490172 0.84428747 0.84490172 0.82724201 0.75921376 0.84566953
 0.84413391 0.84474816 0.84336609 0.81679975 0.84720516 0.84305897
 0.84367322 0.84474816 0.84259828 0.83399877 0.84014128 0.8379914
 0.83829853 0.83538084 0.76136364 0.76550983 0.76335995 0.76289926
 0.75936732]","[0.84643735 0.84659091 0.8470516  0.82923833 0.75921376 0.84735872
 0.8458231  0.84720516 0.84674447 0.81695332 0.8482801  0.84797297
 0.84351966 0.84628378 0.84275184 0.84152334 0.83952703 0.84136978
 0.83660934 0.83492015 0.75967445 0.76228501 0.76474201 0.76074939
 0.75952088]","[0.84536241 0.84305897 0.84183047 0.83169533 0.75921376 0.8470516
 0.84781941 0.84474816 0.84259828 0.81541769 0.84981572 0.84781941
 0.84766585 0.84551597 0.84275184 0.8416769  0.84060197 0.84183047
 0.83538084 0.83568796 0.76213145 0.7615172  0.76382064 0.76289926
 0.75936732]","[0.84474816 0.84551597 0.84367322 0.83292383 0.75921376 0.84874079
 0.84720516 0.84444103 0.84413391 0.81649263 0.84858722 0.84613022
 0.84474816 0.84551597 0.84290541 0.8392199  0.8343059  0.84213759
 0.83768428 0.83814496 0.76059582 0.76243857 0.7627457  0.75998157
 0.75982801]","[0.8443538  0.84432303 0.84377023 0.82998069 0.75919045 0.84607366
 0.84545939 0.8443845  0.84358596 0.81573056 0.84696434 0.84533656
 0.84401596 0.84472231 0.8420811  0.83815005 0.83768938 0.8394707
 0.83636874 0.83553951 0.76072605 0.76263018 0.76324442 0.76127887
 0.75946685]","[2.10194601e-03 1.60226617e-03 2.07198262e-03 2.05125770e-03
 4.66275915e-05 2.46451526e-03 2.01947826e-03 2.05992162e-03
 1.87322251e-03 1.47179305e-03 3.12807224e-03 2.53567704e-03
 2.31408097e-03 1.65993837e-03 1.34499750e-03 3.36980885e-03
 2.96317483e-03 3.10288119e-03 1.59553450e-03 1.49152713e-03
 9.21530916e-04 1.49663727e-03 1.06724230e-03 1.35750010e-03
 1.99937991e-04]","[ 7  8 10 18 25  2  3  6 11 19  1  4  9  5 12 14 15 13 16 17 23 21 20 22
 24]"
500,"{'nystroem__gamma': 8.982555655316915e-05, 'ridge_classification__alpha': 0.0001}",0.8486534349558301,1.5634145736694336,0.8495178428843437,"[1.85326204 1.70190868 1.74956841 1.76818762 1.67683411 1.70352941
 1.68465667 1.76764574 1.72096891 1.7295249  1.69792895 1.69827218
 1.79695048 1.72115741 1.73344469 1.659272   1.77231507 1.80108099
 1.75560131 1.79764662 1.68834462 1.74224701 1.65437198 1.66692133
 1.75711884]","[0.1011576  0.08724273 0.0807284  0.06497235 0.06343647 0.06509266
 0.07240188 0.1681034  0.13071537 0.14182566 0.06899258 0.10791274
 0.10159056 0.08151494 0.17280307 0.07780847 0.09199007 0.1556321
 0.07887672 0.11582051 0.0740537  0.07223829 0.0561097  0.09476535
 0.17567356]","[0.23922496 0.23511329 0.23797674 0.23845315 0.24759917 0.24820995
 0.25110831 0.21926851 0.24164343 0.21233687 0.21399798 0.21777172
 0.21642914 0.24981375 0.21767039 0.20330315 0.24196129 0.20562239
 0.20382624 0.2295928  0.20975361 0.21902089 0.21362967 0.20589561
 0.19742723]","[0.02774126 0.02300131 0.02394725 0.00909078 0.02734699 0.01624052
 0.02635281 0.03712722 0.02611285 0.0238652  0.0281512  0.02851732
 0.01823294 0.03678946 0.04325096 0.02087353 0.01389404 0.02796009
 0.03351288 0.01818122 0.02525265 0.02363453 0.03675844 0.02560945
 0.04779914]","[7.939532520325204e-06 7.939532520325204e-06 7.939532520325204e-06
 7.939532520325204e-06 7.939532520325204e-06 8.982555655316915e-05
 8.982555655316915e-05 8.982555655316915e-05 8.982555655316915e-05
 8.982555655316915e-05 0.0010162601626016261 0.0010162601626016261
 0.0010162601626016261 0.0010162601626016261 0.0010162601626016261
 0.011497671238805652 0.011497671238805652 0.011497671238805652
 0.011497671238805652 0.011497671238805652 0.13008130081300814
 0.13008130081300814 0.13008130081300814 0.13008130081300814
 0.13008130081300814]","[0.0001 0.0017782794100389228 0.03162277660168379 0.5623413251903491 10.0
 0.0001 0.0017782794100389228 0.03162277660168379 0.5623413251903491 10.0
 0.0001 0.0017782794100389228 0.03162277660168379 0.5623413251903491 10.0
 0.0001 0.0017782794100389228 0.03162277660168379 0.5623413251903491 10.0
 0.0001 0.0017782794100389228 0.03162277660168379 0.5623413251903491 10.0]","[{'nystroem__gamma': 7.939532520325204e-06, 'ridge_classification__alpha': 0.0001}, {'nystroem__gamma': 7.939532520325204e-06, 'ridge_classification__alpha': 0.0017782794100389228}, {'nystroem__gamma': 7.939532520325204e-06, 'ridge_classification__alpha': 0.03162277660168379}, {'nystroem__gamma': 7.939532520325204e-06, 'ridge_classification__alpha': 0.5623413251903491}, {'nystroem__gamma': 7.939532520325204e-06, 'ridge_classification__alpha': 10.0}, {'nystroem__gamma': 8.982555655316915e-05, 'ridge_classification__alpha': 0.0001}, {'nystroem__gamma': 8.982555655316915e-05, 'ridge_classification__alpha': 0.0017782794100389228}, {'nystroem__gamma': 8.982555655316915e-05, 'ridge_classification__alpha': 0.03162277660168379}, {'nystroem__gamma': 8.982555655316915e-05, 'ridge_classification__alpha': 0.5623413251903491}, {'nystroem__gamma': 8.982555655316915e-05, 'ridge_classification__alpha': 10.0}, {'nystroem__gamma': 0.0010162601626016261, 'ridge_classification__alpha': 0.0001}, {'nystroem__gamma': 0.0010162601626016261, 'ridge_classification__alpha': 0.0017782794100389228}, {'nystroem__gamma': 0.0010162601626016261, 'ridge_classification__alpha': 0.03162277660168379}, {'nystroem__gamma': 0.0010162601626016261, 'ridge_classification__alpha': 0.5623413251903491}, {'nystroem__gamma': 0.0010162601626016261, 'ridge_classification__alpha': 10.0}, {'nystroem__gamma': 0.011497671238805652, 'ridge_classification__alpha': 0.0001}, {'nystroem__gamma': 0.011497671238805652, 'ridge_classification__alpha': 0.0017782794100389228}, {'nystroem__gamma': 0.011497671238805652, 'ridge_classification__alpha': 0.03162277660168379}, {'nystroem__gamma': 0.011497671238805652, 'ridge_classification__alpha': 0.5623413251903491}, {'nystroem__gamma': 0.011497671238805652, 'ridge_classification__alpha': 10.0}, {'nystroem__gamma': 0.13008130081300814, 'ridge_classification__alpha': 0.0001}, {'nystroem__gamma': 0.13008130081300814, 'ridge_classification__alpha': 0.0017782794100389228}, {'nystroem__gamma': 0.13008130081300814, 'ridge_classification__alpha': 0.03162277660168379}, {'nystroem__gamma': 0.13008130081300814, 'ridge_classification__alpha': 0.5623413251903491}, {'nystroem__gamma': 0.13008130081300814, 'ridge_classification__alpha': 10.0}]","[0.84369722 0.84170121 0.84139413 0.82880393 0.75909719 0.84415784
 0.84584677 0.84231537 0.84185475 0.81391064 0.84415784 0.84523261
 0.84385076 0.84339014 0.84001228 0.83909105 0.83878397 0.84062644
 0.83832335 0.8377092  0.76692768 0.76508521 0.76493168 0.76293567
 0.75971135]","[0.84689803 0.84398034 0.84459459 0.82785627 0.75921376 0.84674447
 0.8458231  0.84643735 0.84398034 0.81664619 0.84413391 0.84674447
 0.84889435 0.84674447 0.84413391 0.83952703 0.84029484 0.84152334
 0.83829853 0.83829853 0.76320639 0.76781327 0.76489558 0.76458845
 0.76105651]","[0.84643735 0.84720516 0.84720516 0.82939189 0.75921376 0.85012285
 0.84920147 0.8470516  0.84597666 0.81726044 0.85104423 0.84766585
 0.84858722 0.84613022 0.84275184 0.8392199  0.84060197 0.83998771
 0.84152334 0.83983415 0.76673833 0.76305283 0.76858108 0.77027027
 0.76182432]","[0.8458231  0.84367322 0.84336609 0.83200246 0.75921376 0.8507371
 0.85089066 0.84474816 0.84305897 0.81526413 0.84966216 0.84935504
 0.85058354 0.84674447 0.84198403 0.84520885 0.84520885 0.84505528
 0.84490172 0.83968059 0.76673833 0.76612408 0.76412776 0.7664312
 0.7602887 ]","[0.84874079 0.84551597 0.84413391 0.83246314 0.75921376 0.85150491
 0.84920147 0.84490172 0.84305897 0.81726044 0.85058354 0.85104423
 0.84920147 0.84843366 0.84444103 0.84613022 0.84183047 0.84474816
 0.8416769  0.84090909 0.76658477 0.7664312  0.76812039 0.7652027
 0.76013514]","[0.8463193  0.84441518 0.84413878 0.83010354 0.75919045 0.84865343
 0.8481927  0.84509084 0.84358594 0.81606837 0.84791633 0.84800844
 0.84822347 0.84628859 0.84266462 0.84183541 0.84134402 0.84238819
 0.84094477 0.83928631 0.7660391  0.76570132 0.7661313  0.76588566
 0.7606032 ]","[1.63303284e-03 1.84937463e-03 1.88364525e-03 1.81214195e-03
 4.66275915e-05 2.77439391e-03 2.02151815e-03 1.64402454e-03
 1.37284376e-03 1.30219458e-03 3.11058354e-03 2.02235150e-03
 2.29038867e-03 1.63969891e-03 1.60125855e-03 3.14726873e-03
 2.16234967e-03 2.11172140e-03 2.46587315e-03 1.14472780e-03
 1.42052322e-03 1.58530049e-03 1.84055345e-03 2.46471347e-03
 7.49671193e-04]","[ 6  9 10 18 25  1  3  8 11 19  5  4  2  7 12 14 15 13 16 17 21 23 20 22
 24]"
1000,"{'nystroem__gamma': 8.982555655316915e-05, 'ridge_classification__alpha': 0.0001}",0.8499125874125874,3.1505160331726074,0.8498249493274369,"[4.32920403 4.17040038 4.140346   4.17815032 4.21296005 4.06853762
 4.18276486 4.2670115  4.31623821 4.13043509 4.34924879 4.10875454
 4.25430102 4.08389177 4.13136163 4.23444595 4.20096841 4.19214387
 4.23512387 4.07913756 4.09617329 4.25440354 4.15111165 4.21046329
 4.04787879]","[0.1418406  0.12400237 0.1309089  0.08131341 0.12062752 0.09804168
 0.09559652 0.22361312 0.27196959 0.12677475 0.07604922 0.25067556
 0.21660747 0.18267209 0.12820466 0.18642831 0.1244271  0.16586577
 0.24803377 0.15566805 0.08309937 0.13665156 0.31227763 0.10806359
 0.20688831]","[0.62074647 0.59565105 0.61534386 0.57635512 0.61615529 0.59275613
 0.61959844 0.5773211  0.56535568 0.63130856 0.55874023 0.57419429
 0.54935894 0.54748154 0.56755857 0.55564547 0.60368509 0.6570528
 0.56280146 0.5818615  0.56569691 0.56982336 0.57767062 0.53035073
 0.46156125]","[0.06305236 0.04352521 0.07042411 0.04407967 0.04875334 0.07278662
 0.0388487  0.05256996 0.05692887 0.07580147 0.06213669 0.07125323
 0.01505172 0.05737037 0.0552733  0.03327905 0.08658174 0.08600804
 0.05532168 0.04493162 0.07333715 0.06175195 0.04690093 0.0602118
 0.07520083]","[7.939532520325204e-06 7.939532520325204e-06 7.939532520325204e-06
 7.939532520325204e-06 7.939532520325204e-06 8.982555655316915e-05
 8.982555655316915e-05 8.982555655316915e-05 8.982555655316915e-05
 8.982555655316915e-05 0.0010162601626016261 0.0010162601626016261
 0.0010162601626016261 0.0010162601626016261 0.0010162601626016261
 0.011497671238805652 0.011497671238805652 0.011497671238805652
 0.011497671238805652 0.011497671238805652 0.13008130081300814
 0.13008130081300814 0.13008130081300814 0.13008130081300814
 0.13008130081300814]","[0.0001 0.0017782794100389228 0.03162277660168379 0.5623413251903491 10.0
 0.0001 0.0017782794100389228 0.03162277660168379 0.5623413251903491 10.0
 0.0001 0.0017782794100389228 0.03162277660168379 0.5623413251903491 10.0
 0.0001 0.0017782794100389228 0.03162277660168379 0.5623413251903491 10.0
 0.0001 0.0017782794100389228 0.03162277660168379 0.5623413251903491 10.0]","[{'nystroem__gamma': 7.939532520325204e-06, 'ridge_classification__alpha': 0.0001}, {'nystroem__gamma': 7.939532520325204e-06, 'ridge_classification__alpha': 0.0017782794100389228}, {'nystroem__gamma': 7.939532520325204e-06, 'ridge_classification__alpha': 0.03162277660168379}, {'nystroem__gamma': 7.939532520325204e-06, 'ridge_classification__alpha': 0.5623413251903491}, {'nystroem__gamma': 7.939532520325204e-06, 'ridge_classification__alpha': 10.0}, {'nystroem__gamma': 8.982555655316915e-05, 'ridge_classification__alpha': 0.0001}, {'nystroem__gamma': 8.982555655316915e-05, 'ridge_classification__alpha': 0.0017782794100389228}, {'nystroem__gamma': 8.982555655316915e-05, 'ridge_classification__alpha': 0.03162277660168379}, {'nystroem__gamma': 8.982555655316915e-05, 'ridge_classification__alpha': 0.5623413251903491}, {'nystroem__gamma': 8.982555655316915e-05, 'ridge_classification__alpha': 10.0}, {'nystroem__gamma': 0.0010162601626016261, 'ridge_classification__alpha': 0.0001}, {'nystroem__gamma': 0.0010162601626016261, 'ridge_classification__alpha': 0.0017782794100389228}, {'nystroem__gamma': 0.0010162601626016261, 'ridge_classification__alpha': 0.03162277660168379}, {'nystroem__gamma': 0.0010162601626016261, 'ridge_classification__alpha': 0.5623413251903491}, {'nystroem__gamma': 0.0010162601626016261, 'ridge_classification__alpha': 10.0}, {'nystroem__gamma': 0.011497671238805652, 'ridge_classification__alpha': 0.0001}, {'nystroem__gamma': 0.011497671238805652, 'ridge_classification__alpha': 0.0017782794100389228}, {'nystroem__gamma': 0.011497671238805652, 'ridge_classification__alpha': 0.03162277660168379}, {'nystroem__gamma': 0.011497671238805652, 'ridge_classification__alpha': 0.5623413251903491}, {'nystroem__gamma': 0.011497671238805652, 'ridge_classification__alpha': 10.0}, {'nystroem__gamma': 0.13008130081300814, 'ridge_classification__alpha': 0.0001}, {'nystroem__gamma': 0.13008130081300814, 'ridge_classification__alpha': 0.0017782794100389228}, {'nystroem__gamma': 0.13008130081300814, 'ridge_classification__alpha': 0.03162277660168379}, {'nystroem__gamma': 0.13008130081300814, 'ridge_classification__alpha': 0.5623413251903491}, {'nystroem__gamma': 0.13008130081300814, 'ridge_classification__alpha': 10.0}]","[0.84431138 0.84170121 0.84170121 0.82880393 0.75909719 0.84615385
 0.84507907 0.84277599 0.84170121 0.81345002 0.84216183 0.84415784
 0.84431138 0.84369722 0.8397052  0.84077998 0.83878397 0.8397052
 0.84001228 0.83863043 0.76830953 0.76861661 0.76861661 0.76784892
 0.76186089]","[0.84751229 0.84428747 0.84490172 0.82816339 0.75921376 0.84628378
 0.8458231  0.84659091 0.84413391 0.81649263 0.84766585 0.84766585
 0.8458231  0.84674447 0.84336609 0.84290541 0.84060197 0.83906634
 0.84075553 0.84336609 0.77349509 0.7718059  0.77441646 0.77119165
 0.76228501]","[0.84751229 0.84720516 0.8470516  0.82939189 0.75921376 0.85257985
 0.84966216 0.8470516  0.84643735 0.81726044 0.84874079 0.85027641
 0.8495086  0.84628378 0.84459459 0.84075553 0.84060197 0.84244472
 0.84259828 0.84121622 0.77441646 0.77272727 0.77410934 0.7705774
 0.76305283]","[0.84751229 0.84444103 0.84305897 0.83184889 0.75921376 0.85288698
 0.85227273 0.84551597 0.84290541 0.81526413 0.8519656  0.85181204
 0.85227273 0.84843366 0.84290541 0.84183047 0.84413391 0.84474816
 0.84275184 0.84152334 0.77119165 0.77073096 0.77119165 0.7718059
 0.7627457 ]","[0.84843366 0.84536241 0.84367322 0.83215602 0.75921376 0.85165848
 0.84843366 0.84597666 0.84321253 0.81679975 0.8507371  0.85012285
 0.8507371  0.84904791 0.84351966 0.84398034 0.84490172 0.84613022
 0.84551597 0.84136978 0.77364865 0.77364865 0.76673833 0.76919533
 0.76335995]","[0.84705638 0.84459946 0.84407734 0.83007283 0.75919045 0.84991259
 0.84825414 0.84558222 0.84367808 0.8158534  0.84825423 0.848807
 0.84853058 0.84684141 0.84281819 0.84205034 0.84180471 0.84241893
 0.84232678 0.84122117 0.77221228 0.77150588 0.77101448 0.77012384
 0.76266088]","[1.41813194e-03 1.78292086e-03 1.80954041e-03 1.62565831e-03
 4.66275915e-05 3.04321485e-03 2.61361154e-03 1.49742712e-03
 1.58386203e-03 1.37167275e-03 3.39526715e-03 2.67723107e-03
 2.99870187e-03 1.87670887e-03 1.65203803e-03 1.24857937e-03
 2.32528202e-03 2.74968420e-03 1.91055252e-03 1.51169040e-03
 2.22891353e-03 1.73905927e-03 3.00726580e-03 1.42917022e-03
 5.34933761e-04]","[ 6  9 10 18 25  1  5  8 11 19  4  2  3  7 12 15 16 13 14 17 20 21 22 23
 24]"
