n_components,best_params,best_accuracy_cv,training_time,accuracy_test,mean_fit_time,std_fit_time,mean_score_time,std_score_time,param_rbf_sampler__gamma,param_ridge_classification__alpha,params,split0_test_score,split1_test_score,split2_test_score,split3_test_score,split4_test_score,mean_test_score,std_test_score,rank_test_score
10,"{'rbf_sampler__gamma': 7.939532520325204e-06, 'ridge_classification__alpha': 0.0031622776601683794}",0.7690792484205657,0.16692733764648438,0.7718813340703888,"[0.33110232 0.30677109 0.2948204  0.2624239  0.27290034 0.2686367
 0.28203225 0.2892314  0.28786554 0.28471904 0.28243661 0.2855629
 0.25880556 0.2789979  0.27049074 0.28433275 0.28375907 0.28092699
 0.2835289  0.29381204 0.2777082  0.28534741 0.27716713 0.29221058
 0.19022999]","[0.02563751 0.01042194 0.04319076 0.01075192 0.0051572  0.01149817
 0.00952627 0.0185824  0.01026241 0.00518403 0.00900165 0.00884357
 0.01554918 0.01119012 0.00927704 0.00779842 0.02020401 0.01540088
 0.00824424 0.00370015 0.00971553 0.00452173 0.02041781 0.00200465
 0.02414745]","[0.02459149 0.02162085 0.01986985 0.01654501 0.01349983 0.01331816
 0.02015252 0.0157012  0.01523552 0.0170898  0.01289926 0.01335473
 0.02153044 0.01759915 0.01306357 0.01832972 0.01681094 0.01365333
 0.01794233 0.01350455 0.01292095 0.01631427 0.01663828 0.01406951
 0.01045122]","[4.12326029e-05 6.29317759e-03 5.91559111e-03 4.24591020e-03
 7.51454584e-04 1.50617498e-03 2.28406278e-03 4.15118508e-03
 1.21598589e-03 2.23781581e-03 1.56187970e-03 1.55379593e-03
 1.25621371e-03 5.73692481e-04 1.75408864e-03 4.59563973e-03
 2.41497973e-03 1.83343684e-03 3.12817635e-03 1.01801229e-03
 1.62740733e-03 2.40143259e-03 3.05702186e-03 1.66470197e-03
 9.08841762e-04]","[7.939532520325204e-06 7.939532520325204e-06 7.939532520325204e-06
 7.939532520325204e-06 7.939532520325204e-06 8.982555655316915e-05
 8.982555655316915e-05 8.982555655316915e-05 8.982555655316915e-05
 8.982555655316915e-05 0.0010162601626016261 0.0010162601626016261
 0.0010162601626016261 0.0010162601626016261 0.0010162601626016261
 0.011497671238805652 0.011497671238805652 0.011497671238805652
 0.011497671238805652 0.011497671238805652 0.13008130081300814
 0.13008130081300814 0.13008130081300814 0.13008130081300814
 0.13008130081300814]","[0.0001 0.0031622776601683794 0.1 3.1622776601683795 100.0 0.0001
 0.0031622776601683794 0.1 3.1622776601683795 100.0 0.0001
 0.0031622776601683794 0.1 3.1622776601683795 100.0 0.0001
 0.0031622776601683794 0.1 3.1622776601683795 100.0 0.0001
 0.0031622776601683794 0.1 3.1622776601683795 100.0]","[{'rbf_sampler__gamma': 7.939532520325204e-06, 'ridge_classification__alpha': 0.0001}, {'rbf_sampler__gamma': 7.939532520325204e-06, 'ridge_classification__alpha': 0.0031622776601683794}, {'rbf_sampler__gamma': 7.939532520325204e-06, 'ridge_classification__alpha': 0.1}, {'rbf_sampler__gamma': 7.939532520325204e-06, 'ridge_classification__alpha': 3.1622776601683795}, {'rbf_sampler__gamma': 7.939532520325204e-06, 'ridge_classification__alpha': 100.0}, {'rbf_sampler__gamma': 8.982555655316915e-05, 'ridge_classification__alpha': 0.0001}, {'rbf_sampler__gamma': 8.982555655316915e-05, 'ridge_classification__alpha': 0.0031622776601683794}, {'rbf_sampler__gamma': 8.982555655316915e-05, 'ridge_classification__alpha': 0.1}, {'rbf_sampler__gamma': 8.982555655316915e-05, 'ridge_classification__alpha': 3.1622776601683795}, {'rbf_sampler__gamma': 8.982555655316915e-05, 'ridge_classification__alpha': 100.0}, {'rbf_sampler__gamma': 0.0010162601626016261, 'ridge_classification__alpha': 0.0001}, {'rbf_sampler__gamma': 0.0010162601626016261, 'ridge_classification__alpha': 0.0031622776601683794}, {'rbf_sampler__gamma': 0.0010162601626016261, 'ridge_classification__alpha': 0.1}, {'rbf_sampler__gamma': 0.0010162601626016261, 'ridge_classification__alpha': 3.1622776601683795}, {'rbf_sampler__gamma': 0.0010162601626016261, 'ridge_classification__alpha': 100.0}, {'rbf_sampler__gamma': 0.011497671238805652, 'ridge_classification__alpha': 0.0001}, {'rbf_sampler__gamma': 0.011497671238805652, 'ridge_classification__alpha': 0.0031622776601683794}, {'rbf_sampler__gamma': 0.011497671238805652, 'ridge_classification__alpha': 0.1}, {'rbf_sampler__gamma': 0.011497671238805652, 'ridge_classification__alpha': 3.1622776601683795}, {'rbf_sampler__gamma': 0.011497671238805652, 'ridge_classification__alpha': 100.0}, {'rbf_sampler__gamma': 0.13008130081300814, 'ridge_classification__alpha': 0.0001}, {'rbf_sampler__gamma': 0.13008130081300814, 'ridge_classification__alpha': 0.0031622776601683794}, {'rbf_sampler__gamma': 0.13008130081300814, 'ridge_classification__alpha': 0.1}, {'rbf_sampler__gamma': 0.13008130081300814, 'ridge_classification__alpha': 3.1622776601683795}, {'rbf_sampler__gamma': 0.13008130081300814, 'ridge_classification__alpha': 100.0}]","[0.76830953 0.77967143 0.76093966 0.75694764 0.75909719 0.75863657
 0.76877015 0.76324275 0.76170735 0.75817596 0.75771534 0.75633349
 0.75925073 0.77076616 0.75802242 0.75925073 0.75909719 0.75986489
 0.76001842 0.7603255  0.75909719 0.75909719 0.75909719 0.75909719
 0.75909719]","[0.75629607 0.76980958 0.75875307 0.75875307 0.75921376 0.75998157
 0.75706388 0.754914   0.76704545 0.7590602  0.78224816 0.76305283
 0.76581695 0.75798526 0.76013514 0.75675676 0.75936732 0.75936732
 0.7590602  0.75921376 0.75921376 0.75921376 0.75921376 0.75921376
 0.75921376]","[0.74969287 0.77395577 0.754914   0.75829238 0.75921376 0.75767813
 0.75706388 0.75737101 0.76719902 0.75798526 0.76627764 0.75383907
 0.76059582 0.76074939 0.76013514 0.75936732 0.75675676 0.75936732
 0.7652027  0.75936732 0.75921376 0.75921376 0.75921376 0.75921376
 0.75921376]","[0.76213145 0.76412776 0.77272727 0.75798526 0.75921376 0.75829238
 0.7590602  0.76474201 0.75936732 0.75921376 0.7602887  0.76013514
 0.75675676 0.75875307 0.75675676 0.75890663 0.75921376 0.75952088
 0.76182432 0.75921376 0.75921376 0.75921376 0.75921376 0.75921376
 0.75921376]","[0.75337838 0.7578317  0.75399263 0.75982801 0.75921376 0.75890663
 0.77334152 0.75414619 0.75737101 0.75813882 0.75890663 0.75829238
 0.75691032 0.75798526 0.76750614 0.75921376 0.7590602  0.7602887
 0.76950246 0.75967445 0.75921376 0.75921376 0.75921376 0.75921376
 0.75921376]","[0.75796166 0.76907925 0.76026533 0.75836127 0.75919045 0.75869906
 0.76305993 0.75888319 0.76253803 0.7585148  0.76508729 0.75833058
 0.75986612 0.76124783 0.76051112 0.75869904 0.75869904 0.75968182
 0.76312162 0.75955896 0.75919045 0.75919045 0.75919045 0.75919045
 0.75919045]","[6.58208376e-03 7.58330759e-03 6.72346817e-03 9.43324457e-04
 4.66275915e-05 7.61512752e-04 6.72637861e-03 4.33155468e-03
 3.98705938e-03 5.14313527e-04 9.07176902e-03 3.15339681e-03
 3.30842822e-03 4.86538027e-03 3.72832285e-03 9.83001225e-04
 9.77032076e-04 3.53703845e-04 3.81717025e-03 4.18563628e-04
 4.66275915e-05 4.66275915e-05 4.66275915e-05 4.66275915e-05
 4.66275915e-05]","[25  1  8 23 12 19  4 18  5 22  2 24  9  6  7 21 20 10  3 11 12 12 12 12
 12]"
20,"{'rbf_sampler__gamma': 0.0010162601626016261, 'ridge_classification__alpha': 0.0031622776601683794}",0.7853871259559881,0.21364617347717285,0.7814016338062773,"[0.29184012 0.30397606 0.31462312 0.28279867 0.30795145 0.30300841
 0.27906117 0.29167771 0.29322262 0.28394542 0.29126019 0.28394256
 0.29660721 0.29835162 0.29196024 0.29522119 0.28962398 0.29102368
 0.29384079 0.29029551 0.29836712 0.29562459 0.30180469 0.29321837
 0.17960114]","[0.00983754 0.00673624 0.01194771 0.02051561 0.01372955 0.00773399
 0.00985329 0.01006447 0.00363243 0.008755   0.01537173 0.01191068
 0.00847398 0.01149674 0.01373371 0.00331219 0.01987213 0.01319084
 0.00667383 0.01909345 0.00320053 0.00857307 0.01141784 0.01440638
 0.00930716]","[0.0188252  0.01821346 0.01882596 0.02699647 0.01899977 0.01793118
 0.02564635 0.01973872 0.01951294 0.02646532 0.02059517 0.02034359
 0.02566571 0.02056165 0.018291   0.02508225 0.0226809  0.02037644
 0.02652454 0.02232447 0.01864281 0.02556109 0.01986465 0.0171339
 0.01292782]","[0.0029736  0.00121714 0.00193147 0.00370054 0.00234761 0.00260884
 0.00333337 0.00253868 0.00219852 0.00114661 0.00454505 0.0006694
 0.00190117 0.00268799 0.00260357 0.00255856 0.00374781 0.00225555
 0.00151206 0.00378906 0.00273052 0.00245689 0.00196861 0.0022452
 0.00017407]","[7.939532520325204e-06 7.939532520325204e-06 7.939532520325204e-06
 7.939532520325204e-06 7.939532520325204e-06 8.982555655316915e-05
 8.982555655316915e-05 8.982555655316915e-05 8.982555655316915e-05
 8.982555655316915e-05 0.0010162601626016261 0.0010162601626016261
 0.0010162601626016261 0.0010162601626016261 0.0010162601626016261
 0.011497671238805652 0.011497671238805652 0.011497671238805652
 0.011497671238805652 0.011497671238805652 0.13008130081300814
 0.13008130081300814 0.13008130081300814 0.13008130081300814
 0.13008130081300814]","[0.0001 0.0031622776601683794 0.1 3.1622776601683795 100.0 0.0001
 0.0031622776601683794 0.1 3.1622776601683795 100.0 0.0001
 0.0031622776601683794 0.1 3.1622776601683795 100.0 0.0001
 0.0031622776601683794 0.1 3.1622776601683795 100.0 0.0001
 0.0031622776601683794 0.1 3.1622776601683795 100.0]","[{'rbf_sampler__gamma': 7.939532520325204e-06, 'ridge_classification__alpha': 0.0001}, {'rbf_sampler__gamma': 7.939532520325204e-06, 'ridge_classification__alpha': 0.0031622776601683794}, {'rbf_sampler__gamma': 7.939532520325204e-06, 'ridge_classification__alpha': 0.1}, {'rbf_sampler__gamma': 7.939532520325204e-06, 'ridge_classification__alpha': 3.1622776601683795}, {'rbf_sampler__gamma': 7.939532520325204e-06, 'ridge_classification__alpha': 100.0}, {'rbf_sampler__gamma': 8.982555655316915e-05, 'ridge_classification__alpha': 0.0001}, {'rbf_sampler__gamma': 8.982555655316915e-05, 'ridge_classification__alpha': 0.0031622776601683794}, {'rbf_sampler__gamma': 8.982555655316915e-05, 'ridge_classification__alpha': 0.1}, {'rbf_sampler__gamma': 8.982555655316915e-05, 'ridge_classification__alpha': 3.1622776601683795}, {'rbf_sampler__gamma': 8.982555655316915e-05, 'ridge_classification__alpha': 100.0}, {'rbf_sampler__gamma': 0.0010162601626016261, 'ridge_classification__alpha': 0.0001}, {'rbf_sampler__gamma': 0.0010162601626016261, 'ridge_classification__alpha': 0.0031622776601683794}, {'rbf_sampler__gamma': 0.0010162601626016261, 'ridge_classification__alpha': 0.1}, {'rbf_sampler__gamma': 0.0010162601626016261, 'ridge_classification__alpha': 3.1622776601683795}, {'rbf_sampler__gamma': 0.0010162601626016261, 'ridge_classification__alpha': 100.0}, {'rbf_sampler__gamma': 0.011497671238805652, 'ridge_classification__alpha': 0.0001}, {'rbf_sampler__gamma': 0.011497671238805652, 'ridge_classification__alpha': 0.0031622776601683794}, {'rbf_sampler__gamma': 0.011497671238805652, 'ridge_classification__alpha': 0.1}, {'rbf_sampler__gamma': 0.011497671238805652, 'ridge_classification__alpha': 3.1622776601683795}, {'rbf_sampler__gamma': 0.011497671238805652, 'ridge_classification__alpha': 100.0}, {'rbf_sampler__gamma': 0.13008130081300814, 'ridge_classification__alpha': 0.0001}, {'rbf_sampler__gamma': 0.13008130081300814, 'ridge_classification__alpha': 0.0031622776601683794}, {'rbf_sampler__gamma': 0.13008130081300814, 'ridge_classification__alpha': 0.1}, {'rbf_sampler__gamma': 0.13008130081300814, 'ridge_classification__alpha': 3.1622776601683795}, {'rbf_sampler__gamma': 0.13008130081300814, 'ridge_classification__alpha': 100.0}]","[0.77644711 0.79180101 0.78489175 0.75879011 0.75909719 0.77184093
 0.79395056 0.78243513 0.77184093 0.75894365 0.79226163 0.79517887
 0.76493168 0.76569937 0.75817596 0.76523875 0.76600645 0.76216797
 0.77521879 0.76769538 0.75909719 0.75909719 0.75909719 0.75909719
 0.75909719]","[0.79407248 0.76259214 0.75307125 0.75737101 0.75921376 0.7870086
 0.76965602 0.77856265 0.76044226 0.75890663 0.77119165 0.77242015
 0.78209459 0.79437961 0.7705774  0.76873464 0.78178747 0.76428133
 0.7639742  0.76305283 0.75921376 0.75921376 0.75921376 0.75921376
 0.75921376]","[0.76750614 0.76581695 0.78209459 0.76013514 0.75921376 0.77625921
 0.78393735 0.76581695 0.76013514 0.75921376 0.78977273 0.78746929
 0.75859951 0.77288084 0.76121007 0.76950246 0.77487715 0.76950246
 0.76458845 0.76765971 0.75921376 0.75921376 0.75921376 0.75921376
 0.75921376]","[0.78608722 0.79084767 0.75552826 0.7578317  0.75921376 0.75829238
 0.76873464 0.78055897 0.7664312  0.7590602  0.79514742 0.78424447
 0.76044226 0.7627457  0.76059582 0.76566339 0.78224816 0.78025184
 0.78363022 0.76228501 0.75921376 0.75921376 0.75921376 0.75921376
 0.75921376]","[0.76167076 0.78624079 0.75307125 0.75721744 0.75921376 0.75936732
 0.76658477 0.78209459 0.78731572 0.75844595 0.77088452 0.78762285
 0.77119165 0.77656634 0.77103808 0.77533784 0.77364865 0.77687346
 0.76105651 0.76689189 0.75921376 0.75921376 0.75921376 0.75921376
 0.75921376]","[0.77715674 0.77945971 0.76573142 0.75826908 0.75919045 0.77055369
 0.77657267 0.77789366 0.76923305 0.75891404 0.78385159 0.78538713
 0.76745194 0.77445437 0.76431947 0.76889542 0.77571357 0.77061541
 0.76969364 0.76551696 0.75919045 0.75919045 0.75919045 0.75919045
 0.75919045]","[1.18266562e-02 1.26381653e-02 1.45570336e-02 1.08235048e-03
 4.66275915e-05 1.07744932e-02 1.06326145e-02 6.19146287e-03
 1.00168315e-02 2.57385727e-04 1.06000329e-02 7.41161738e-03
 8.51170512e-03 1.11148050e-02 5.39588841e-03 3.62536387e-03
 5.97971215e-03 6.99632144e-03 8.46322076e-03 2.35562078e-03
 4.66275915e-05 4.66275915e-05 4.66275915e-05 4.66275915e-05
 4.66275915e-05]","[ 5  3 15 25 18 10  6  4 12 24  2  1 14  8 17 13  7  9 11 16 18 18 18 18
 18]"
50,"{'rbf_sampler__gamma': 7.939532520325204e-06, 'ridge_classification__alpha': 0.0031622776601683794}",0.8201219701968204,0.2571840286254883,0.8290031324857196,"[0.39524364 0.3814784  0.37311482 0.34362183 0.37900047 0.38489823
 0.37403111 0.40392003 0.38079314 0.35093875 0.36715827 0.37226148
 0.35176921 0.37615423 0.37359214 0.35266004 0.36939993 0.37364812
 0.36722536 0.3548131  0.36710086 0.35478821 0.35530186 0.3641603
 0.26101589]","[0.01620919 0.00989549 0.02044888 0.0205388  0.01451315 0.0139102
 0.01585383 0.00878635 0.0067127  0.02324215 0.0131275  0.01292848
 0.0173889  0.01784638 0.01390627 0.02844024 0.01771732 0.02042446
 0.01567848 0.02141948 0.00912869 0.02178511 0.00976365 0.01208355
 0.02098695]","[0.04226322 0.0377533  0.02837734 0.02969513 0.03193927 0.02902446
 0.03653779 0.03218789 0.03414512 0.0310534  0.03581371 0.03124614
 0.03401442 0.03773031 0.03121433 0.03618731 0.03737831 0.03250704
 0.0365993  0.03296733 0.03447428 0.03642349 0.03606353 0.03256001
 0.02358904]","[0.00284582 0.00736895 0.00268122 0.00608074 0.00343694 0.00599854
 0.00385479 0.00407886 0.00211167 0.00600091 0.00288452 0.00383849
 0.00790792 0.00328968 0.00369714 0.00450769 0.0038106  0.00385822
 0.0032115  0.00041522 0.00465818 0.00437051 0.00279316 0.00465888
 0.00235667]","[7.939532520325204e-06 7.939532520325204e-06 7.939532520325204e-06
 7.939532520325204e-06 7.939532520325204e-06 8.982555655316915e-05
 8.982555655316915e-05 8.982555655316915e-05 8.982555655316915e-05
 8.982555655316915e-05 0.0010162601626016261 0.0010162601626016261
 0.0010162601626016261 0.0010162601626016261 0.0010162601626016261
 0.011497671238805652 0.011497671238805652 0.011497671238805652
 0.011497671238805652 0.011497671238805652 0.13008130081300814
 0.13008130081300814 0.13008130081300814 0.13008130081300814
 0.13008130081300814]","[0.0001 0.0031622776601683794 0.1 3.1622776601683795 100.0 0.0001
 0.0031622776601683794 0.1 3.1622776601683795 100.0 0.0001
 0.0031622776601683794 0.1 3.1622776601683795 100.0 0.0001
 0.0031622776601683794 0.1 3.1622776601683795 100.0 0.0001
 0.0031622776601683794 0.1 3.1622776601683795 100.0]","[{'rbf_sampler__gamma': 7.939532520325204e-06, 'ridge_classification__alpha': 0.0001}, {'rbf_sampler__gamma': 7.939532520325204e-06, 'ridge_classification__alpha': 0.0031622776601683794}, {'rbf_sampler__gamma': 7.939532520325204e-06, 'ridge_classification__alpha': 0.1}, {'rbf_sampler__gamma': 7.939532520325204e-06, 'ridge_classification__alpha': 3.1622776601683795}, {'rbf_sampler__gamma': 7.939532520325204e-06, 'ridge_classification__alpha': 100.0}, {'rbf_sampler__gamma': 8.982555655316915e-05, 'ridge_classification__alpha': 0.0001}, {'rbf_sampler__gamma': 8.982555655316915e-05, 'ridge_classification__alpha': 0.0031622776601683794}, {'rbf_sampler__gamma': 8.982555655316915e-05, 'ridge_classification__alpha': 0.1}, {'rbf_sampler__gamma': 8.982555655316915e-05, 'ridge_classification__alpha': 3.1622776601683795}, {'rbf_sampler__gamma': 8.982555655316915e-05, 'ridge_classification__alpha': 100.0}, {'rbf_sampler__gamma': 0.0010162601626016261, 'ridge_classification__alpha': 0.0001}, {'rbf_sampler__gamma': 0.0010162601626016261, 'ridge_classification__alpha': 0.0031622776601683794}, {'rbf_sampler__gamma': 0.0010162601626016261, 'ridge_classification__alpha': 0.1}, {'rbf_sampler__gamma': 0.0010162601626016261, 'ridge_classification__alpha': 3.1622776601683795}, {'rbf_sampler__gamma': 0.0010162601626016261, 'ridge_classification__alpha': 100.0}, {'rbf_sampler__gamma': 0.011497671238805652, 'ridge_classification__alpha': 0.0001}, {'rbf_sampler__gamma': 0.011497671238805652, 'ridge_classification__alpha': 0.0031622776601683794}, {'rbf_sampler__gamma': 0.011497671238805652, 'ridge_classification__alpha': 0.1}, {'rbf_sampler__gamma': 0.011497671238805652, 'ridge_classification__alpha': 3.1622776601683795}, {'rbf_sampler__gamma': 0.011497671238805652, 'ridge_classification__alpha': 100.0}, {'rbf_sampler__gamma': 0.13008130081300814, 'ridge_classification__alpha': 0.0001}, {'rbf_sampler__gamma': 0.13008130081300814, 'ridge_classification__alpha': 0.0031622776601683794}, {'rbf_sampler__gamma': 0.13008130081300814, 'ridge_classification__alpha': 0.1}, {'rbf_sampler__gamma': 0.13008130081300814, 'ridge_classification__alpha': 3.1622776601683795}, {'rbf_sampler__gamma': 0.13008130081300814, 'ridge_classification__alpha': 100.0}]","[0.81820973 0.82865039 0.82373714 0.75817596 0.75909719 0.79917089
 0.807462   0.81114694 0.8102257  0.75894365 0.81882389 0.80715492
 0.8039306  0.80638723 0.77199447 0.78658068 0.7905727  0.80085982
 0.79364348 0.78949793 0.75909719 0.75909719 0.75909719 0.75909719
 0.75909719]","[0.81111794 0.814957   0.81787469 0.76044226 0.75921376 0.80635749
 0.81173219 0.81265356 0.78792998 0.75921376 0.81480344 0.7997543
 0.8215602  0.81710688 0.78977273 0.79545455 0.78977273 0.79499386
 0.79007985 0.79944717 0.75921376 0.75921376 0.75921376 0.75921376
 0.75921376]","[0.82847052 0.817414   0.81480344 0.75752457 0.75921376 0.8227887
 0.81772113 0.8137285  0.80067568 0.75921376 0.81772113 0.80927518
 0.80942875 0.80497543 0.77042383 0.80988943 0.78670147 0.80067568
 0.78286241 0.79929361 0.75921376 0.75921376 0.75921376 0.75921376
 0.75921376]","[0.81756757 0.82109951 0.81188575 0.76074939 0.75921376 0.81296069
 0.81434275 0.80942875 0.80912162 0.75921376 0.80620393 0.81710688
 0.82140663 0.81081081 0.78501229 0.78025184 0.79115479 0.7919226
 0.79023342 0.77979115 0.75921376 0.75921376 0.75921376 0.75921376
 0.75921376]","[0.80942875 0.81848894 0.80712531 0.75875307 0.75921376 0.8203317
 0.79775799 0.82232801 0.80082924 0.75921376 0.80267199 0.82263514
 0.81956388 0.81511057 0.78854423 0.79545455 0.80712531 0.79929361
 0.79576167 0.79023342 0.75921376 0.75921376 0.75921376 0.75921376
 0.75921376]","[0.8169589  0.82012197 0.81508527 0.75912905 0.75919045 0.81232189
 0.80980321 0.81385715 0.80175644 0.75915974 0.81204488 0.81118528
 0.81517801 0.81087818 0.78114951 0.79352621 0.7930654  0.79754911
 0.79051617 0.79165266 0.75919045 0.75919045 0.75919045 0.75919045
 0.75919045]","[6.71226384e-03 4.69821872e-03 5.59129901e-03 1.26286295e-03
 4.66275915e-05 8.74805074e-03 6.89333823e-03 4.47608418e-03
 7.98965811e-03 1.08043222e-04 6.44596310e-03 7.95894583e-03
 7.18779778e-03 4.72705936e-03 8.28030906e-03 9.99641166e-03
 7.19564048e-03 3.52040829e-03 4.38510566e-03 7.30056210e-03
 4.66275915e-05 4.66275915e-05 4.66275915e-05 4.66275915e-05
 4.66275915e-05]","[ 2  1  4 25 18  6 10  5 11 24  7  8  3  9 17 13 14 12 16 15 18 18 18 18
 18]"
100,"{'rbf_sampler__gamma': 7.939532520325204e-06, 'ridge_classification__alpha': 0.0001}",0.8398697313367972,0.32385849952697754,0.8409802837663534,"[0.51455412 0.55973921 0.54396253 0.46041923 0.52417846 0.52715654
 0.45865774 0.47743154 0.50316901 0.47392459 0.47821169 0.52074108
 0.50496836 0.46758451 0.50798349 0.50063925 0.48391676 0.51753998
 0.48697853 0.48058901 0.52130985 0.47595754 0.47037601 0.4567667
 0.38344417]","[0.0364174  0.00285384 0.01025099 0.02857184 0.02803012 0.00860665
 0.0244935  0.03928941 0.0185925  0.02309744 0.03977486 0.01304151
 0.01054279 0.0491023  0.01658665 0.04390519 0.03053979 0.01415045
 0.02860656 0.03345228 0.01785321 0.02484628 0.04183174 0.03435614
 0.03920871]","[0.06025438 0.05719066 0.06029859 0.06452866 0.06398263 0.06274295
 0.0589366  0.06315494 0.0637826  0.05967002 0.06585522 0.06722465
 0.06198983 0.06274242 0.06639333 0.06175237 0.07035961 0.06451821
 0.0655333  0.06400723 0.06666322 0.07173395 0.05963664 0.05203838
 0.05035224]","[0.00459076 0.00717663 0.00113067 0.00789477 0.00421632 0.00743494
 0.0083157  0.00538829 0.00142436 0.00388733 0.01002604 0.00234335
 0.00099974 0.00489937 0.00552946 0.01023762 0.00688709 0.00193339
 0.00838825 0.00759927 0.00115657 0.00450343 0.00605061 0.00962088
 0.01268402]","[7.939532520325204e-06 7.939532520325204e-06 7.939532520325204e-06
 7.939532520325204e-06 7.939532520325204e-06 8.982555655316915e-05
 8.982555655316915e-05 8.982555655316915e-05 8.982555655316915e-05
 8.982555655316915e-05 0.0010162601626016261 0.0010162601626016261
 0.0010162601626016261 0.0010162601626016261 0.0010162601626016261
 0.011497671238805652 0.011497671238805652 0.011497671238805652
 0.011497671238805652 0.011497671238805652 0.13008130081300814
 0.13008130081300814 0.13008130081300814 0.13008130081300814
 0.13008130081300814]","[0.0001 0.0031622776601683794 0.1 3.1622776601683795 100.0 0.0001
 0.0031622776601683794 0.1 3.1622776601683795 100.0 0.0001
 0.0031622776601683794 0.1 3.1622776601683795 100.0 0.0001
 0.0031622776601683794 0.1 3.1622776601683795 100.0 0.0001
 0.0031622776601683794 0.1 3.1622776601683795 100.0]","[{'rbf_sampler__gamma': 7.939532520325204e-06, 'ridge_classification__alpha': 0.0001}, {'rbf_sampler__gamma': 7.939532520325204e-06, 'ridge_classification__alpha': 0.0031622776601683794}, {'rbf_sampler__gamma': 7.939532520325204e-06, 'ridge_classification__alpha': 0.1}, {'rbf_sampler__gamma': 7.939532520325204e-06, 'ridge_classification__alpha': 3.1622776601683795}, {'rbf_sampler__gamma': 7.939532520325204e-06, 'ridge_classification__alpha': 100.0}, {'rbf_sampler__gamma': 8.982555655316915e-05, 'ridge_classification__alpha': 0.0001}, {'rbf_sampler__gamma': 8.982555655316915e-05, 'ridge_classification__alpha': 0.0031622776601683794}, {'rbf_sampler__gamma': 8.982555655316915e-05, 'ridge_classification__alpha': 0.1}, {'rbf_sampler__gamma': 8.982555655316915e-05, 'ridge_classification__alpha': 3.1622776601683795}, {'rbf_sampler__gamma': 8.982555655316915e-05, 'ridge_classification__alpha': 100.0}, {'rbf_sampler__gamma': 0.0010162601626016261, 'ridge_classification__alpha': 0.0001}, {'rbf_sampler__gamma': 0.0010162601626016261, 'ridge_classification__alpha': 0.0031622776601683794}, {'rbf_sampler__gamma': 0.0010162601626016261, 'ridge_classification__alpha': 0.1}, {'rbf_sampler__gamma': 0.0010162601626016261, 'ridge_classification__alpha': 3.1622776601683795}, {'rbf_sampler__gamma': 0.0010162601626016261, 'ridge_classification__alpha': 100.0}, {'rbf_sampler__gamma': 0.011497671238805652, 'ridge_classification__alpha': 0.0001}, {'rbf_sampler__gamma': 0.011497671238805652, 'ridge_classification__alpha': 0.0031622776601683794}, {'rbf_sampler__gamma': 0.011497671238805652, 'ridge_classification__alpha': 0.1}, {'rbf_sampler__gamma': 0.011497671238805652, 'ridge_classification__alpha': 3.1622776601683795}, {'rbf_sampler__gamma': 0.011497671238805652, 'ridge_classification__alpha': 100.0}, {'rbf_sampler__gamma': 0.13008130081300814, 'ridge_classification__alpha': 0.0001}, {'rbf_sampler__gamma': 0.13008130081300814, 'ridge_classification__alpha': 0.0031622776601683794}, {'rbf_sampler__gamma': 0.13008130081300814, 'ridge_classification__alpha': 0.1}, {'rbf_sampler__gamma': 0.13008130081300814, 'ridge_classification__alpha': 3.1622776601683795}, {'rbf_sampler__gamma': 0.13008130081300814, 'ridge_classification__alpha': 100.0}]","[0.84154767 0.83586673 0.83079994 0.75940427 0.75909719 0.8341778
 0.83847689 0.83110702 0.81667434 0.75909719 0.82619377 0.82895747
 0.83264241 0.82650084 0.79226163 0.82051282 0.80346998 0.8165208
 0.80915093 0.80101336 0.75909719 0.75909719 0.75909719 0.75909719
 0.75909719]","[0.83814496 0.8379914  0.82432432 0.75752457 0.75921376 0.83522727
 0.83737715 0.83753071 0.82693489 0.75921376 0.83538084 0.8404484
 0.83000614 0.83461302 0.80405405 0.81265356 0.81019656 0.8137285
 0.81541769 0.81050369 0.75921376 0.75921376 0.75921376 0.75921376
 0.75921376]","[0.83998771 0.84766585 0.82800983 0.75982801 0.75921376 0.84290541
 0.84305897 0.84060197 0.8252457  0.75921376 0.83584152 0.83353808
 0.83138821 0.83353808 0.79330467 0.8112715  0.81587838 0.8125
 0.8125     0.8034398  0.75921376 0.75921376 0.75921376 0.75921376
 0.75921376]","[0.83768428 0.83860565 0.83292383 0.75952088 0.75921376 0.84106265
 0.83108108 0.83737715 0.81649263 0.75921376 0.83476658 0.83200246
 0.83323096 0.83415233 0.79960074 0.80712531 0.81311425 0.80850737
 0.81403563 0.80390049 0.75921376 0.75921376 0.75921376 0.75921376
 0.75921376]","[0.84198403 0.83522727 0.83338452 0.76228501 0.75921376 0.84213759
 0.83829853 0.84029484 0.82800983 0.75921376 0.83891278 0.83952703
 0.83384521 0.83384521 0.79637592 0.8125     0.807586   0.8088145
 0.81464988 0.80896806 0.75921376 0.75921376 0.75921376 0.75921376
 0.75921376]","[0.83986973 0.83907138 0.82988849 0.75971255 0.75919045 0.83910214
 0.83765852 0.83738234 0.82267148 0.75919045 0.8342191  0.83489469
 0.83222258 0.8325299  0.7971194  0.81281264 0.81004903 0.81201423
 0.81315082 0.80556508 0.75919045 0.75919045 0.75919045 0.75919045
 0.75919045]","[1.73497619e-03 4.47872947e-03 3.36914196e-03 1.51986333e-03
 4.66275915e-05 3.65475441e-03 3.83630165e-03 3.41322049e-03
 5.04866465e-03 4.66275915e-05 4.25953531e-03 4.42172482e-03
 1.37366522e-03 3.03538045e-03 4.31159652e-03 4.33904830e-03
 4.30694890e-03 3.03381832e-03 2.21772189e-03 3.57703564e-03
 4.66275915e-05 4.66275915e-05 4.66275915e-05 4.66275915e-05
 4.66275915e-05]","[ 1  3 10 18 19  2  4  5 11 19  7  6  9  8 17 13 15 14 12 16 19 19 19 19
 19]"
200,"{'rbf_sampler__gamma': 7.939532520325204e-06, 'ridge_classification__alpha': 0.0031622776601683794}",0.8444151858822518,0.7519433498382568,0.8457097229899884,"[0.9132781  0.85074062 0.88518939 0.87450199 0.88546939 0.88022161
 0.85924821 0.88231258 0.84292922 0.85722761 0.90609808 0.90602503
 0.84407167 0.87192459 0.88158631 0.81776419 0.88028903 0.87742672
 0.81910439 0.83716726 0.87711458 0.84257617 0.86864195 0.85887361
 0.71489358]","[0.0142414  0.02999356 0.02388923 0.02696302 0.03536629 0.01581026
 0.0258597  0.01092345 0.01813444 0.04128296 0.02643425 0.01306985
 0.01969563 0.0116618  0.02019849 0.01897185 0.03598808 0.01390138
 0.04146246 0.04136384 0.02288512 0.03552481 0.02921811 0.03808128
 0.06985793]","[0.09454923 0.0903964  0.08671637 0.09693851 0.09209681 0.09513183
 0.10029917 0.09333024 0.09320011 0.09555588 0.10003095 0.09367957
 0.09731841 0.09662952 0.10189128 0.09845133 0.09905386 0.10388384
 0.0980135  0.09648046 0.10453968 0.10576844 0.10600014 0.09537082
 0.07511377]","[0.00236038 0.00890489 0.01019936 0.00250574 0.003071   0.00707638
 0.00194833 0.00389586 0.00192902 0.0089139  0.00246632 0.00918759
 0.01169243 0.003818   0.00359635 0.00363362 0.00525072 0.00261012
 0.00992908 0.00721446 0.00294462 0.00329388 0.00403572 0.01015037
 0.00290714]","[7.939532520325204e-06 7.939532520325204e-06 7.939532520325204e-06
 7.939532520325204e-06 7.939532520325204e-06 8.982555655316915e-05
 8.982555655316915e-05 8.982555655316915e-05 8.982555655316915e-05
 8.982555655316915e-05 0.0010162601626016261 0.0010162601626016261
 0.0010162601626016261 0.0010162601626016261 0.0010162601626016261
 0.011497671238805652 0.011497671238805652 0.011497671238805652
 0.011497671238805652 0.011497671238805652 0.13008130081300814
 0.13008130081300814 0.13008130081300814 0.13008130081300814
 0.13008130081300814]","[0.0001 0.0031622776601683794 0.1 3.1622776601683795 100.0 0.0001
 0.0031622776601683794 0.1 3.1622776601683795 100.0 0.0001
 0.0031622776601683794 0.1 3.1622776601683795 100.0 0.0001
 0.0031622776601683794 0.1 3.1622776601683795 100.0 0.0001
 0.0031622776601683794 0.1 3.1622776601683795 100.0]","[{'rbf_sampler__gamma': 7.939532520325204e-06, 'ridge_classification__alpha': 0.0001}, {'rbf_sampler__gamma': 7.939532520325204e-06, 'ridge_classification__alpha': 0.0031622776601683794}, {'rbf_sampler__gamma': 7.939532520325204e-06, 'ridge_classification__alpha': 0.1}, {'rbf_sampler__gamma': 7.939532520325204e-06, 'ridge_classification__alpha': 3.1622776601683795}, {'rbf_sampler__gamma': 7.939532520325204e-06, 'ridge_classification__alpha': 100.0}, {'rbf_sampler__gamma': 8.982555655316915e-05, 'ridge_classification__alpha': 0.0001}, {'rbf_sampler__gamma': 8.982555655316915e-05, 'ridge_classification__alpha': 0.0031622776601683794}, {'rbf_sampler__gamma': 8.982555655316915e-05, 'ridge_classification__alpha': 0.1}, {'rbf_sampler__gamma': 8.982555655316915e-05, 'ridge_classification__alpha': 3.1622776601683795}, {'rbf_sampler__gamma': 8.982555655316915e-05, 'ridge_classification__alpha': 100.0}, {'rbf_sampler__gamma': 0.0010162601626016261, 'ridge_classification__alpha': 0.0001}, {'rbf_sampler__gamma': 0.0010162601626016261, 'ridge_classification__alpha': 0.0031622776601683794}, {'rbf_sampler__gamma': 0.0010162601626016261, 'ridge_classification__alpha': 0.1}, {'rbf_sampler__gamma': 0.0010162601626016261, 'ridge_classification__alpha': 3.1622776601683795}, {'rbf_sampler__gamma': 0.0010162601626016261, 'ridge_classification__alpha': 100.0}, {'rbf_sampler__gamma': 0.011497671238805652, 'ridge_classification__alpha': 0.0001}, {'rbf_sampler__gamma': 0.011497671238805652, 'ridge_classification__alpha': 0.0031622776601683794}, {'rbf_sampler__gamma': 0.011497671238805652, 'ridge_classification__alpha': 0.1}, {'rbf_sampler__gamma': 0.011497671238805652, 'ridge_classification__alpha': 3.1622776601683795}, {'rbf_sampler__gamma': 0.011497671238805652, 'ridge_classification__alpha': 100.0}, {'rbf_sampler__gamma': 0.13008130081300814, 'ridge_classification__alpha': 0.0001}, {'rbf_sampler__gamma': 0.13008130081300814, 'ridge_classification__alpha': 0.0031622776601683794}, {'rbf_sampler__gamma': 0.13008130081300814, 'ridge_classification__alpha': 0.1}, {'rbf_sampler__gamma': 0.13008130081300814, 'ridge_classification__alpha': 3.1622776601683795}, {'rbf_sampler__gamma': 0.13008130081300814, 'ridge_classification__alpha': 100.0}]","[0.84093352 0.84154767 0.83448488 0.76554583 0.75909719 0.8404729
 0.84216183 0.8412406  0.82619377 0.75909719 0.84001228 0.83939813
 0.84062644 0.83924459 0.80439122 0.82696146 0.82327652 0.82128052
 0.81928451 0.81544603 0.75909719 0.75909719 0.75909719 0.75909719
 0.75909719]","[0.84244472 0.84428747 0.83860565 0.76305283 0.75921376 0.84474816
 0.84152334 0.84474816 0.83154177 0.75921376 0.84275184 0.84198403
 0.84198403 0.84213759 0.81173219 0.82017813 0.82509214 0.82662776
 0.83000614 0.82109951 0.75921376 0.75921376 0.75921376 0.75921376
 0.75921376]","[0.84659091 0.84766585 0.83768428 0.76197789 0.75921376 0.84505528
 0.84520885 0.84551597 0.83138821 0.75921376 0.84321253 0.84551597
 0.84183047 0.84290541 0.80743243 0.82847052 0.83215602 0.82355651
 0.83230958 0.82847052 0.75921376 0.75921376 0.75921376 0.75921376
 0.75921376]","[0.84321253 0.84336609 0.84121622 0.7664312  0.75921376 0.84490172
 0.84382678 0.84290541 0.82816339 0.75921376 0.84351966 0.84551597
 0.84136978 0.84121622 0.80727887 0.82616708 0.83200246 0.82570639
 0.82877764 0.81956388 0.75921376 0.75921376 0.75921376 0.75921376
 0.75921376]","[0.84413391 0.84520885 0.84351966 0.76812039 0.75921376 0.84643735
 0.84520885 0.84536241 0.8355344  0.75921376 0.84106265 0.84275184
 0.84474816 0.84398034 0.80789312 0.8252457  0.83230958 0.82386364
 0.82923833 0.82309582 0.75921376 0.75921376 0.75921376 0.75921376
 0.75921376]","[0.84346312 0.84441519 0.83910213 0.76502563 0.75919045 0.84432308
 0.84358593 0.84395451 0.83056431 0.75919045 0.84211179 0.84303319
 0.84211177 0.84189683 0.80774557 0.82540458 0.82896734 0.82420696
 0.82792324 0.82153515 0.75919045 0.75919045 0.75919045 0.75919045
 0.75919045]","[1.88318063e-03 2.02663410e-03 3.08414432e-03 2.23626927e-03
 4.66275915e-05 2.01720803e-03 1.52368293e-03 1.64415099e-03
 3.20006476e-03 4.66275915e-05 1.34996302e-03 2.31179482e-03
 1.40019603e-03 1.60709958e-03 2.34445851e-03 2.81944104e-03
 3.94848778e-03 1.85545723e-03 4.48699532e-03 4.28224363e-03
 4.66275915e-05 4.66275915e-05 4.66275915e-05 4.66275915e-05
 4.66275915e-05]","[ 5  1 10 18 19  2  4  3 11 19  7  6  8  9 17 14 12 15 13 16 19 19 19 19
 19]"
500,"{'rbf_sampler__gamma': 8.982555655316915e-05, 'ridge_classification__alpha': 0.0031622776601683794}",0.8451522394636166,1.5568151473999023,0.8476752042257847,"[2.77622828 2.79061441 2.78599367 2.53596549 2.58011279 2.58979454
 2.41193962 2.47267389 2.47981462 2.27555366 2.38391452 2.43037782
 2.16132317 2.35314355 2.36108575 2.18918948 2.30880222 2.3046802
 2.26552052 2.29840426 2.30430307 2.1710134  2.27605987 2.22759609
 1.68230081]","[0.07786376 0.04016885 0.01570078 0.02154061 0.09764646 0.02276593
 0.10597403 0.0784183  0.03622912 0.09204788 0.01909852 0.02609662
 0.0580381  0.05704865 0.03397077 0.06480743 0.07129983 0.06451533
 0.08614084 0.05511566 0.02556974 0.07143526 0.04871125 0.0178628
 0.08952214]","[0.24387751 0.24791789 0.24040527 0.22812843 0.23843699 0.24430099
 0.24085522 0.23838611 0.24174776 0.24481859 0.24380245 0.23767781
 0.26831841 0.23425078 0.23343153 0.23912001 0.24482231 0.24481115
 0.26750088 0.24333253 0.26103063 0.27479134 0.24447641 0.22210937
 0.17800889]","[0.0073291  0.00931445 0.01316485 0.00827535 0.00590837 0.00769872
 0.00507071 0.01030772 0.01162073 0.01718603 0.01491947 0.01947075
 0.00348786 0.00614398 0.00932872 0.01155117 0.00690205 0.01319024
 0.01826281 0.00965    0.00198265 0.01275025 0.02041513 0.0322745
 0.0093543 ]","[7.939532520325204e-06 7.939532520325204e-06 7.939532520325204e-06
 7.939532520325204e-06 7.939532520325204e-06 8.982555655316915e-05
 8.982555655316915e-05 8.982555655316915e-05 8.982555655316915e-05
 8.982555655316915e-05 0.0010162601626016261 0.0010162601626016261
 0.0010162601626016261 0.0010162601626016261 0.0010162601626016261
 0.011497671238805652 0.011497671238805652 0.011497671238805652
 0.011497671238805652 0.011497671238805652 0.13008130081300814
 0.13008130081300814 0.13008130081300814 0.13008130081300814
 0.13008130081300814]","[0.0001 0.0031622776601683794 0.1 3.1622776601683795 100.0 0.0001
 0.0031622776601683794 0.1 3.1622776601683795 100.0 0.0001
 0.0031622776601683794 0.1 3.1622776601683795 100.0 0.0001
 0.0031622776601683794 0.1 3.1622776601683795 100.0 0.0001
 0.0031622776601683794 0.1 3.1622776601683795 100.0]","[{'rbf_sampler__gamma': 7.939532520325204e-06, 'ridge_classification__alpha': 0.0001}, {'rbf_sampler__gamma': 7.939532520325204e-06, 'ridge_classification__alpha': 0.0031622776601683794}, {'rbf_sampler__gamma': 7.939532520325204e-06, 'ridge_classification__alpha': 0.1}, {'rbf_sampler__gamma': 7.939532520325204e-06, 'ridge_classification__alpha': 3.1622776601683795}, {'rbf_sampler__gamma': 7.939532520325204e-06, 'ridge_classification__alpha': 100.0}, {'rbf_sampler__gamma': 8.982555655316915e-05, 'ridge_classification__alpha': 0.0001}, {'rbf_sampler__gamma': 8.982555655316915e-05, 'ridge_classification__alpha': 0.0031622776601683794}, {'rbf_sampler__gamma': 8.982555655316915e-05, 'ridge_classification__alpha': 0.1}, {'rbf_sampler__gamma': 8.982555655316915e-05, 'ridge_classification__alpha': 3.1622776601683795}, {'rbf_sampler__gamma': 8.982555655316915e-05, 'ridge_classification__alpha': 100.0}, {'rbf_sampler__gamma': 0.0010162601626016261, 'ridge_classification__alpha': 0.0001}, {'rbf_sampler__gamma': 0.0010162601626016261, 'ridge_classification__alpha': 0.0031622776601683794}, {'rbf_sampler__gamma': 0.0010162601626016261, 'ridge_classification__alpha': 0.1}, {'rbf_sampler__gamma': 0.0010162601626016261, 'ridge_classification__alpha': 3.1622776601683795}, {'rbf_sampler__gamma': 0.0010162601626016261, 'ridge_classification__alpha': 100.0}, {'rbf_sampler__gamma': 0.011497671238805652, 'ridge_classification__alpha': 0.0001}, {'rbf_sampler__gamma': 0.011497671238805652, 'ridge_classification__alpha': 0.0031622776601683794}, {'rbf_sampler__gamma': 0.011497671238805652, 'ridge_classification__alpha': 0.1}, {'rbf_sampler__gamma': 0.011497671238805652, 'ridge_classification__alpha': 3.1622776601683795}, {'rbf_sampler__gamma': 0.011497671238805652, 'ridge_classification__alpha': 100.0}, {'rbf_sampler__gamma': 0.13008130081300814, 'ridge_classification__alpha': 0.0001}, {'rbf_sampler__gamma': 0.13008130081300814, 'ridge_classification__alpha': 0.0031622776601683794}, {'rbf_sampler__gamma': 0.13008130081300814, 'ridge_classification__alpha': 0.1}, {'rbf_sampler__gamma': 0.13008130081300814, 'ridge_classification__alpha': 3.1622776601683795}, {'rbf_sampler__gamma': 0.13008130081300814, 'ridge_classification__alpha': 100.0}]","[0.84108706 0.84170121 0.83863043 0.76001842 0.75909719 0.84170121
 0.84308306 0.84170121 0.8306464  0.75909719 0.83878397 0.83863043
 0.84062644 0.84139413 0.81222171 0.83110702 0.83463842 0.83033932
 0.83356364 0.8306464  0.75894365 0.75940427 0.76078612 0.75848303
 0.75909719]","[0.84474816 0.84474816 0.84060197 0.76213145 0.75921376 0.84106265
 0.84321253 0.84413391 0.83522727 0.75921376 0.84336609 0.8404484
 0.84290541 0.84428747 0.81388206 0.83077396 0.83691646 0.83630221
 0.83522727 0.82939189 0.76059582 0.75813882 0.76136364 0.76044226
 0.75921376]","[0.84520885 0.8470516  0.84321253 0.76121007 0.75921376 0.84213759
 0.84843366 0.84689803 0.83630221 0.75921376 0.84781941 0.84382678
 0.84674447 0.84505528 0.81956388 0.83691646 0.8379914  0.8343059
 0.83323096 0.82585995 0.75813882 0.75967445 0.75952088 0.75952088
 0.75921376]","[0.84474816 0.84428747 0.84152334 0.75998157 0.75921376 0.84459459
 0.84566953 0.84459459 0.83722359 0.75921376 0.84290541 0.8416769
 0.84751229 0.84398034 0.80912162 0.83200246 0.83768428 0.84136978
 0.83737715 0.82601351 0.75936732 0.76013514 0.75967445 0.76167076
 0.75921376]","[0.84659091 0.84505528 0.84566953 0.76182432 0.75921376 0.84643735
 0.84536241 0.84444103 0.84152334 0.75921376 0.84336609 0.84305897
 0.84382678 0.84305897 0.81096437 0.8404484  0.83768428 0.83722359
 0.83492015 0.82570639 0.76182432 0.75859951 0.75875307 0.75952088
 0.75921376]","[0.84447663 0.84456874 0.84192756 0.76103317 0.75919045 0.84318668
 0.84515224 0.84435376 0.83618456 0.75919045 0.84324819 0.8415283
 0.84432308 0.84355524 0.81315073 0.83424966 0.83698297 0.83590816
 0.83486383 0.82752363 0.75977399 0.75919044 0.76001963 0.75992757
 0.75919045]","[1.82444385e-03 1.71670137e-03 2.38516929e-03 8.94315786e-04
 4.66275915e-05 2.01830334e-03 1.95568121e-03 1.65065388e-03
 3.49810315e-03 4.66275915e-05 2.86253784e-03 1.85536326e-03
 2.52805980e-03 1.25568008e-03 3.56483703e-03 3.80901285e-03
 1.22490401e-03 3.61369941e-03 1.47029237e-03 2.07811163e-03
 1.29675756e-03 7.24918978e-04 9.34444158e-04 1.06968164e-03
 4.66275915e-05]","[ 3  2  9 18 22  8  1  4 12 22  7 10  5  6 17 15 11 13 14 16 21 25 19 20
 22]"
1000,"{'rbf_sampler__gamma': 8.982555655316915e-05, 'ridge_classification__alpha': 0.0031622776601683794}",0.8460122044702884,2.728869676589966,0.8475523616485474,"[5.83007717 5.96908026 6.00054021 5.40147829 5.54651318 5.58694053
 5.19163742 5.5254302  5.49645071 5.0364881  5.37954116 5.42540236
 5.11122017 5.2929801  5.25418916 4.9990109  5.18225656 5.27931924
 4.88625841 5.04648857 5.04298368 4.92924523 5.09433808 5.14591837
 3.69814157]","[0.12876835 0.10207734 0.03092105 0.25430151 0.02751976 0.04289301
 0.14627664 0.0721719  0.03960134 0.11699481 0.07367634 0.03768502
 0.15758913 0.08241042 0.02482949 0.08050384 0.05791314 0.11812584
 0.16467166 0.09160399 0.04597902 0.14676445 0.05153169 0.05227535
 0.34838768]","[0.47480469 0.47324934 0.47307115 0.48270726 0.49376745 0.49013062
 0.50724964 0.48860807 0.48337913 0.51021399 0.49014564 0.49688048
 0.52651944 0.47940683 0.50118999 0.50769396 0.49825969 0.507867
 0.52730455 0.49072447 0.50803351 0.52346911 0.48916721 0.44029016
 0.35785789]","[0.01564483 0.01612171 0.02021745 0.02121582 0.01557703 0.01790276
 0.03101526 0.00825225 0.0322301  0.01871958 0.01878599 0.01651764
 0.02397155 0.007665   0.02510997 0.02343409 0.01439581 0.0144874
 0.02705126 0.02292022 0.0163532  0.0253416  0.02686654 0.05593467
 0.01810173]","[7.939532520325204e-06 7.939532520325204e-06 7.939532520325204e-06
 7.939532520325204e-06 7.939532520325204e-06 8.982555655316915e-05
 8.982555655316915e-05 8.982555655316915e-05 8.982555655316915e-05
 8.982555655316915e-05 0.0010162601626016261 0.0010162601626016261
 0.0010162601626016261 0.0010162601626016261 0.0010162601626016261
 0.011497671238805652 0.011497671238805652 0.011497671238805652
 0.011497671238805652 0.011497671238805652 0.13008130081300814
 0.13008130081300814 0.13008130081300814 0.13008130081300814
 0.13008130081300814]","[0.0001 0.0031622776601683794 0.1 3.1622776601683795 100.0 0.0001
 0.0031622776601683794 0.1 3.1622776601683795 100.0 0.0001
 0.0031622776601683794 0.1 3.1622776601683795 100.0 0.0001
 0.0031622776601683794 0.1 3.1622776601683795 100.0 0.0001
 0.0031622776601683794 0.1 3.1622776601683795 100.0]","[{'rbf_sampler__gamma': 7.939532520325204e-06, 'ridge_classification__alpha': 0.0001}, {'rbf_sampler__gamma': 7.939532520325204e-06, 'ridge_classification__alpha': 0.0031622776601683794}, {'rbf_sampler__gamma': 7.939532520325204e-06, 'ridge_classification__alpha': 0.1}, {'rbf_sampler__gamma': 7.939532520325204e-06, 'ridge_classification__alpha': 3.1622776601683795}, {'rbf_sampler__gamma': 7.939532520325204e-06, 'ridge_classification__alpha': 100.0}, {'rbf_sampler__gamma': 8.982555655316915e-05, 'ridge_classification__alpha': 0.0001}, {'rbf_sampler__gamma': 8.982555655316915e-05, 'ridge_classification__alpha': 0.0031622776601683794}, {'rbf_sampler__gamma': 8.982555655316915e-05, 'ridge_classification__alpha': 0.1}, {'rbf_sampler__gamma': 8.982555655316915e-05, 'ridge_classification__alpha': 3.1622776601683795}, {'rbf_sampler__gamma': 8.982555655316915e-05, 'ridge_classification__alpha': 100.0}, {'rbf_sampler__gamma': 0.0010162601626016261, 'ridge_classification__alpha': 0.0001}, {'rbf_sampler__gamma': 0.0010162601626016261, 'ridge_classification__alpha': 0.0031622776601683794}, {'rbf_sampler__gamma': 0.0010162601626016261, 'ridge_classification__alpha': 0.1}, {'rbf_sampler__gamma': 0.0010162601626016261, 'ridge_classification__alpha': 3.1622776601683795}, {'rbf_sampler__gamma': 0.0010162601626016261, 'ridge_classification__alpha': 100.0}, {'rbf_sampler__gamma': 0.011497671238805652, 'ridge_classification__alpha': 0.0001}, {'rbf_sampler__gamma': 0.011497671238805652, 'ridge_classification__alpha': 0.0031622776601683794}, {'rbf_sampler__gamma': 0.011497671238805652, 'ridge_classification__alpha': 0.1}, {'rbf_sampler__gamma': 0.011497671238805652, 'ridge_classification__alpha': 3.1622776601683795}, {'rbf_sampler__gamma': 0.011497671238805652, 'ridge_classification__alpha': 100.0}, {'rbf_sampler__gamma': 0.13008130081300814, 'ridge_classification__alpha': 0.0001}, {'rbf_sampler__gamma': 0.13008130081300814, 'ridge_classification__alpha': 0.0031622776601683794}, {'rbf_sampler__gamma': 0.13008130081300814, 'ridge_classification__alpha': 0.1}, {'rbf_sampler__gamma': 0.13008130081300814, 'ridge_classification__alpha': 3.1622776601683795}, {'rbf_sampler__gamma': 0.13008130081300814, 'ridge_classification__alpha': 100.0}]","[0.84216183 0.84154767 0.8404729  0.76140028 0.75909719 0.8432366
 0.84262245 0.84139413 0.8341778  0.75909719 0.83985874 0.8412406
 0.84170121 0.84108706 0.81345002 0.83586673 0.83187471 0.83433134
 0.83494549 0.82389068 0.75940427 0.75786888 0.7547981  0.76324275
 0.75909719]","[0.84643735 0.84367322 0.84275184 0.76182432 0.75921376 0.84229115
 0.84659091 0.84566953 0.83875921 0.75921376 0.84398034 0.83722359
 0.84674447 0.84551597 0.81065725 0.83691646 0.84136978 0.83614865
 0.84259828 0.82939189 0.76213145 0.76167076 0.76090295 0.76228501
 0.75921376]","[0.84766585 0.84781941 0.84382678 0.76090295 0.75921376 0.84566953
 0.84812654 0.8470516  0.8392199  0.75921376 0.84474816 0.84689803
 0.84597666 0.84551597 0.8088145  0.84121622 0.83952703 0.83906634
 0.83783784 0.8289312  0.75875307 0.75721744 0.75952088 0.76136364
 0.75921376]","[0.84720516 0.84413391 0.84029484 0.7615172  0.75921376 0.84367322
 0.8470516  0.84428747 0.83952703 0.75921376 0.84613022 0.84628378
 0.84520885 0.84444103 0.81326781 0.83768428 0.84413391 0.83722359
 0.83891278 0.82877764 0.7602887  0.75875307 0.76228501 0.75844595
 0.75921376]","[0.84536241 0.84505528 0.84398034 0.76182432 0.75921376 0.84536241
 0.84566953 0.84536241 0.84244472 0.75921376 0.84505528 0.84720516
 0.84413391 0.8458231  0.81557125 0.84183047 0.83998771 0.84152334
 0.8392199  0.82678133 0.75982801 0.75890663 0.75875307 0.7639742
 0.75921376]","[0.84576652 0.8444459  0.84226534 0.76149381 0.75919045 0.84404658
 0.8460122  0.84475303 0.83882573 0.75919045 0.84395455 0.84377023
 0.84475302 0.84447663 0.81235217 0.83870283 0.83937863 0.83765865
 0.83870286 0.82755455 0.7600811  0.75888336 0.759252   0.76186231
 0.75919045]","[1.96388560e-03 2.04186238e-03 1.59447368e-03 3.39674094e-04
 4.66275915e-05 1.28392818e-03 1.87048169e-03 1.89703208e-03
 2.65902061e-03 4.66275915e-05 2.16107664e-03 3.92829317e-03
 1.75315575e-03 1.75863028e-03 2.35771393e-03 2.38206891e-03
 4.08115473e-03 2.46810950e-03 2.46380844e-03 2.03905712e-03
 1.14305262e-03 1.52260127e-03 2.53311203e-03 1.92169629e-03
 4.66275915e-05]","[ 2  6 10 19 22  7  1  3 12 22  8  9  4  5 17 14 11 15 13 16 20 25 21 18
 22]"
