
    --------------------
    'Model: Nystrom and ridge regression 
    	Dataset: CPU_SMALL (regression) of shape (8192, 12) 	CV: 5 	n_jobs: 5
    	 params: {'regressor__nystroem__gamma': array([8.13802083e-05, 9.20711955e-04, 1.04166667e-02, 1.17851130e-01,
       1.33333333e+00]), 'regressor__ridge_regression__alpha': array([1.00000000e-04, 3.16227766e-03, 1.00000000e-01, 3.16227766e+00,
       1.00000000e+02])} 
    	 number of hyperparameter 25
    
        	 n components [81, 163, 327, 409, 573, 737, 819, 983, 1064, 1228, 1392, 1474, 1638, 1720, 1884, 2048]
        	 which correspond with the [1, 2, 4, 5, 7, 9, 10, 12, 13, 15, 17, 18, 20, 21, 23, 25] % of the data
        --------------------
        
{'percent': [1, 2, 4, 5, 7, 9, 10, 12, 13, 15, 17, 18, 20, 21, 23, 25], 'n_components': [81, 163, 327, 409, 573, 737, 819, 983, 1064, 1228, 1392, 1474, 1638, 1720, 1884, 2048], 'Mean Score in test': [0.9276170178972831, 0.9657934411186938, 0.9699415270928158, 0.9701251942882376, 0.9699108702491785, 0.9713560979587936, 0.9707565483573696, 0.9706620611020078, 0.9714379124933847, 0.9718049855271241, 0.9715102333551533, 0.9722355969311474, 0.9722407498908707, 0.9722971614704681, 0.9724691111165309, 0.9723871351518132], 'Std Score in test': [0.050141786084865504, 0.0036390218623026777, 0.0036108464562874952, 0.0027315215963373924, 0.002186520562512879, 0.0028461232725315606, 0.0013933446631369454, 0.0014990729256030985, 0.0023635432126827833, 0.0019405003267102552, 0.0031370452699534448, 0.0022203962418559093, 0.00218867103056733, 0.002112498410135521, 0.0024035216690475466, 0.002188116140499307], 'Mean Training Time': [0.06790715456008911, 0.17599964141845703, 0.25941407680511475, 0.3563363552093506, 0.5463725328445435, 0.8975735306739807, 0.9073286056518555, 1.4708637595176697, 1.633827805519104, 2.0167553424835205, 2.4196887612342834, 3.09574556350708, 3.776368498802185, 3.651238739490509, 3.8098877668380737, 5.63093489408493], 'Std Training Time': [0.016009216607803425, 0.02392567694105031, 0.03923088126045554, 0.03572575536869126, 0.0550083907528229, 0.036568673701100285, 0.06390182956801427, 0.14331827821814475, 0.15623308128071745, 0.06537548458759534, 0.1537735665076048, 0.2145810830920654, 0.2361794981248584, 0.2790105336814336, 0.6836831439422933, 0.48617179365753577], 'Mean Best Score in CV': [0.9556193110016016, 0.9624026458521568, 0.9680743368579957, 0.9687840431282724, 0.9697034553257893, 0.9699525325402967, 0.9698107506399213, 0.9699961044223093, 0.970398611054551, 0.9703307243199502, 0.9702532374875014, 0.9704389904126716, 0.9706378852266309, 0.9708632010398119, 0.9705622766133758, 0.9701225327451249], 'Std Best Score in CV': [0.003567295033334454, 0.0021255722962314366, 0.0019163707310944126, 0.001731836295933041, 0.001676163058535294, 0.0012147660371791818, 0.0009671227407382224, 0.0015031665503249146, 0.0008689495241431712, 0.0008688482208733486, 0.0009894811091851602, 0.0010999409895254084, 0.0012352416654862514, 0.0011014910198456406, 0.00101132694429842, 0.001775348943172967], 'cv_mean_test_score': [0.9556193110016016, 0.9624026458521568, 0.9680743368579957, 0.9687840431282724, 0.9697034553257893, 0.9699525325402967, 0.9698107506399213, 0.9699961044223093, 0.970398611054551, 0.9703307243199502, 0.9702532374875014, 0.9704389904126716, 0.9706378852266309, 0.9708632010398119, 0.9705622766133758, 0.9701225327451249], 'cv_std_test_score': [0.006429171365078519, 0.004821715824262422, 0.002198679536572903, 0.0025697432676279504, 0.002167441707949795, 0.0027388491365276523, 0.0024446020042766833, 0.0024491828962005186, 0.0024520323863384823, 0.0022104475304774787, 0.0024448368582929147, 0.002387142633614382, 0.0023489587885064996, 0.002611527345120977, 0.002450443622896037, 0.0031084067049009087]}
{'percent': [1, 1, 1, 1, 2, 2, 2, 2, 4, 4, 4, 4, 5, 5, 5, 5, 7, 7, 7, 7, 9, 9, 9, 9, 10, 10, 10, 10, 12, 12, 12, 12, 13, 13, 13, 13, 15, 15, 15, 15, 17, 17, 17, 17, 18, 18, 18, 18, 20, 20, 20, 20, 21, 21, 21, 21, 23, 23, 23, 23, 25, 25, 25, 25], 'n_components': [81, 81, 81, 81, 163, 163, 163, 163, 327, 327, 327, 327, 409, 409, 409, 409, 573, 573, 573, 573, 737, 737, 737, 737, 819, 819, 819, 819, 983, 983, 983, 983, 1064, 1064, 1064, 1064, 1228, 1228, 1228, 1228, 1392, 1392, 1392, 1392, 1474, 1474, 1474, 1474, 1638, 1638, 1638, 1638, 1720, 1720, 1720, 1720, 1884, 1884, 1884, 1884, 2048, 2048, 2048, 2048], 'Score in test': [0.9522883035893916, 0.9567433155374125, 0.8409156706461223, 0.9605207818162061, 0.9612196096895365, 0.9661744180918016, 0.9712894880913425, 0.9644902486020945, 0.9671120252549869, 0.9723192071536721, 0.9745487239764404, 0.9657861519861637, 0.9675567276052456, 0.9724111930280724, 0.9732649391832087, 0.9672679173364237, 0.9679387651179813, 0.9707524643155944, 0.9731111762389847, 0.9678410753241542, 0.9689426449251545, 0.9731238217562365, 0.9750880375714408, 0.9682698875823432, 0.9688997876940314, 0.972467362053345, 0.9716603477792807, 0.9699986959028214, 0.9690258500283658, 0.9730254953167499, 0.9707787847434226, 0.9698181143194926, 0.9689172495758097, 0.9711802264728484, 0.9752832619391782, 0.9703709119857029, 0.9697430683337135, 0.9735917245096627, 0.9738894138457178, 0.9699957354194028, 0.9697811048451821, 0.9730649346065646, 0.9757170354519594, 0.967477858516907, 0.9695307255825796, 0.973303904753221, 0.9752814173787117, 0.9708263400100773, 0.9696579038630776, 0.9737600358749158, 0.9749652702111212, 0.9705797896143685, 0.9695410993055589, 0.9737937312059011, 0.9748271495002772, 0.9710266658701352, 0.9696064398977012, 0.974012804267463, 0.9755431331313247, 0.9707140671696346, 0.9698575587939225, 0.9734814069326782, 0.9753988201430182, 0.9708107547376338], 'Training Time': [0.06825542449951172, 0.08065676689147949, 0.08106517791748047, 0.041651248931884766, 0.17743396759033203, 0.19431638717651367, 0.19576478004455566, 0.13648343086242676, 0.21020841598510742, 0.3139784336090088, 0.2760145664215088, 0.23745489120483398, 0.34983062744140625, 0.40065932273864746, 0.3719487190246582, 0.30290675163269043, 0.6335170269012451, 0.5497913360595703, 0.4870021343231201, 0.5151796340942383, 0.8739514350891113, 0.9604029655456543, 0.8840904235839844, 0.8718492984771729, 0.8032577037811279, 0.9252545833587646, 0.9775230884552002, 0.9232790470123291, 1.2809877395629883, 1.3913817405700684, 1.5636301040649414, 1.6474554538726807, 1.69826078414917, 1.645338535308838, 1.383173942565918, 1.8085379600524902, 1.978231430053711, 2.1298861503601074, 1.983328104019165, 1.9755756855010986, 2.2017414569854736, 2.4801530838012695, 2.6229851245880127, 2.373875379562378, 3.0382509231567383, 3.4371418952941895, 2.8441977500915527, 3.06339168548584, 3.624765157699585, 4.184252023696899, 3.6698005199432373, 3.6266562938690186, 3.725883722305298, 3.7043542861938477, 3.9713070392608643, 3.2034099102020264, 4.990854501724243, 3.495401382446289, 3.3955202102661133, 3.3577749729156494, 5.160229444503784, 6.279399394989014, 5.162856817245483, 5.92125391960144], 'Best Parameters': [{'regressor__nystroem__gamma': 0.010416666666666666, 'regressor__ridge_regression__alpha': 0.0001}, {'regressor__nystroem__gamma': 0.010416666666666666, 'regressor__ridge_regression__alpha': 0.0031622776601683794}, {'regressor__nystroem__gamma': 0.0009207119546699839, 'regressor__ridge_regression__alpha': 0.0001}, {'regressor__nystroem__gamma': 0.0009207119546699839, 'regressor__ridge_regression__alpha': 0.0001}, {'regressor__nystroem__gamma': 0.010416666666666666, 'regressor__ridge_regression__alpha': 0.0001}, {'regressor__nystroem__gamma': 0.010416666666666666, 'regressor__ridge_regression__alpha': 0.0031622776601683794}, {'regressor__nystroem__gamma': 0.010416666666666666, 'regressor__ridge_regression__alpha': 0.0031622776601683794}, {'regressor__nystroem__gamma': 0.010416666666666666, 'regressor__ridge_regression__alpha': 0.0031622776601683794}, {'regressor__nystroem__gamma': 0.010416666666666666, 'regressor__ridge_regression__alpha': 0.0031622776601683794}, {'regressor__nystroem__gamma': 0.010416666666666666, 'regressor__ridge_regression__alpha': 0.0031622776601683794}, {'regressor__nystroem__gamma': 0.010416666666666666, 'regressor__ridge_regression__alpha': 0.0031622776601683794}, {'regressor__nystroem__gamma': 0.010416666666666666, 'regressor__ridge_regression__alpha': 0.0031622776601683794}, {'regressor__nystroem__gamma': 0.010416666666666666, 'regressor__ridge_regression__alpha': 0.0031622776601683794}, {'regressor__nystroem__gamma': 0.010416666666666666, 'regressor__ridge_regression__alpha': 0.0031622776601683794}, {'regressor__nystroem__gamma': 0.010416666666666666, 'regressor__ridge_regression__alpha': 0.0031622776601683794}, {'regressor__nystroem__gamma': 0.010416666666666666, 'regressor__ridge_regression__alpha': 0.0001}, {'regressor__nystroem__gamma': 0.010416666666666666, 'regressor__ridge_regression__alpha': 0.0031622776601683794}, {'regressor__nystroem__gamma': 0.010416666666666666, 'regressor__ridge_regression__alpha': 0.0001}, {'regressor__nystroem__gamma': 0.010416666666666666, 'regressor__ridge_regression__alpha': 0.0031622776601683794}, {'regressor__nystroem__gamma': 0.010416666666666666, 'regressor__ridge_regression__alpha': 0.0031622776601683794}, {'regressor__nystroem__gamma': 0.010416666666666666, 'regressor__ridge_regression__alpha': 0.0031622776601683794}, {'regressor__nystroem__gamma': 0.010416666666666666, 'regressor__ridge_regression__alpha': 0.0031622776601683794}, {'regressor__nystroem__gamma': 0.010416666666666666, 'regressor__ridge_regression__alpha': 0.0031622776601683794}, {'regressor__nystroem__gamma': 0.010416666666666666, 'regressor__ridge_regression__alpha': 0.0031622776601683794}, {'regressor__nystroem__gamma': 0.010416666666666666, 'regressor__ridge_regression__alpha': 0.0031622776601683794}, {'regressor__nystroem__gamma': 0.010416666666666666, 'regressor__ridge_regression__alpha': 0.0001}, {'regressor__nystroem__gamma': 0.010416666666666666, 'regressor__ridge_regression__alpha': 0.0031622776601683794}, {'regressor__nystroem__gamma': 0.010416666666666666, 'regressor__ridge_regression__alpha': 0.0031622776601683794}, {'regressor__nystroem__gamma': 0.010416666666666666, 'regressor__ridge_regression__alpha': 0.0031622776601683794}, {'regressor__nystroem__gamma': 0.010416666666666666, 'regressor__ridge_regression__alpha': 0.0031622776601683794}, {'regressor__nystroem__gamma': 0.010416666666666666, 'regressor__ridge_regression__alpha': 0.0031622776601683794}, {'regressor__nystroem__gamma': 0.010416666666666666, 'regressor__ridge_regression__alpha': 0.0031622776601683794}, {'regressor__nystroem__gamma': 0.010416666666666666, 'regressor__ridge_regression__alpha': 0.0031622776601683794}, {'regressor__nystroem__gamma': 0.010416666666666666, 'regressor__ridge_regression__alpha': 0.0001}, {'regressor__nystroem__gamma': 0.010416666666666666, 'regressor__ridge_regression__alpha': 0.0031622776601683794}, {'regressor__nystroem__gamma': 0.010416666666666666, 'regressor__ridge_regression__alpha': 0.0031622776601683794}, {'regressor__nystroem__gamma': 0.010416666666666666, 'regressor__ridge_regression__alpha': 0.0031622776601683794}, {'regressor__nystroem__gamma': 0.010416666666666666, 'regressor__ridge_regression__alpha': 0.0031622776601683794}, {'regressor__nystroem__gamma': 0.010416666666666666, 'regressor__ridge_regression__alpha': 0.0031622776601683794}, {'regressor__nystroem__gamma': 0.010416666666666666, 'regressor__ridge_regression__alpha': 0.0031622776601683794}, {'regressor__nystroem__gamma': 0.010416666666666666, 'regressor__ridge_regression__alpha': 0.0031622776601683794}, {'regressor__nystroem__gamma': 0.010416666666666666, 'regressor__ridge_regression__alpha': 0.0031622776601683794}, {'regressor__nystroem__gamma': 0.010416666666666666, 'regressor__ridge_regression__alpha': 0.0031622776601683794}, {'regressor__nystroem__gamma': 0.010416666666666666, 'regressor__ridge_regression__alpha': 0.0031622776601683794}, {'regressor__nystroem__gamma': 0.010416666666666666, 'regressor__ridge_regression__alpha': 0.0031622776601683794}, {'regressor__nystroem__gamma': 0.010416666666666666, 'regressor__ridge_regression__alpha': 0.0031622776601683794}, {'regressor__nystroem__gamma': 0.010416666666666666, 'regressor__ridge_regression__alpha': 0.0031622776601683794}, {'regressor__nystroem__gamma': 0.010416666666666666, 'regressor__ridge_regression__alpha': 0.0031622776601683794}, {'regressor__nystroem__gamma': 0.010416666666666666, 'regressor__ridge_regression__alpha': 0.0031622776601683794}, {'regressor__nystroem__gamma': 0.010416666666666666, 'regressor__ridge_regression__alpha': 0.0031622776601683794}, {'regressor__nystroem__gamma': 0.010416666666666666, 'regressor__ridge_regression__alpha': 0.0031622776601683794}, {'regressor__nystroem__gamma': 0.010416666666666666, 'regressor__ridge_regression__alpha': 0.0031622776601683794}, {'regressor__nystroem__gamma': 0.010416666666666666, 'regressor__ridge_regression__alpha': 0.0031622776601683794}, {'regressor__nystroem__gamma': 0.010416666666666666, 'regressor__ridge_regression__alpha': 0.0031622776601683794}, {'regressor__nystroem__gamma': 0.010416666666666666, 'regressor__ridge_regression__alpha': 0.0031622776601683794}, {'regressor__nystroem__gamma': 0.010416666666666666, 'regressor__ridge_regression__alpha': 0.0031622776601683794}, {'regressor__nystroem__gamma': 0.010416666666666666, 'regressor__ridge_regression__alpha': 0.0031622776601683794}, {'regressor__nystroem__gamma': 0.010416666666666666, 'regressor__ridge_regression__alpha': 0.0031622776601683794}, {'regressor__nystroem__gamma': 0.010416666666666666, 'regressor__ridge_regression__alpha': 0.0031622776601683794}, {'regressor__nystroem__gamma': 0.010416666666666666, 'regressor__ridge_regression__alpha': 0.0031622776601683794}, {'regressor__nystroem__gamma': 0.010416666666666666, 'regressor__ridge_regression__alpha': 0.0031622776601683794}, {'regressor__nystroem__gamma': 0.010416666666666666, 'regressor__ridge_regression__alpha': 0.0031622776601683794}, {'regressor__nystroem__gamma': 0.010416666666666666, 'regressor__ridge_regression__alpha': 0.0031622776601683794}, {'regressor__nystroem__gamma': 0.010416666666666666, 'regressor__ridge_regression__alpha': 0.0031622776601683794}], 'Best Score in CV': [0.9518123491473094, 0.9523611625297226, 0.9597983928207814, 0.9585053395085932, 0.9653521397269399, 0.9618216634172742, 0.9594534181184722, 0.9629833621459412, 0.9702544279848452, 0.9666510119754248, 0.9657434030324138, 0.969648504439299, 0.9707478950795156, 0.9684279321423928, 0.9661469946949917, 0.9698133505961894, 0.9709620951719897, 0.9706388026603443, 0.966821489519685, 0.9703914339511381, 0.971398697927602, 0.9690082646290952, 0.9685197125430731, 0.9708834550614162, 0.971064455940785, 0.9691393634007712, 0.9686394721246178, 0.9703997110935113, 0.9718403066806051, 0.9683208460887821, 0.9687249995694216, 0.9710982653504285, 0.9715231806071698, 0.9698837496260422, 0.9692860806543233, 0.9709014333306689, 0.9717133743922147, 0.9699355975782945, 0.9693552254881814, 0.9703186998211102, 0.9719628973975499, 0.9697608296212449, 0.9695737677012343, 0.9697154552299763, 0.9721764803632407, 0.9693962824587736, 0.9695956112567895, 0.9705875875718825, 0.9725444219637891, 0.9699818423877808, 0.9692201277547644, 0.9708051488001891, 0.972311836555859, 0.9696745343728098, 0.9699245557894882, 0.9715418774410904, 0.9719925126565782, 0.9696358766465861, 0.9695822063522911, 0.9710385107980478, 0.9722786704239585, 0.96738369327792, 0.9700347309815263, 0.9707930362970952], 'cv_mean_test_score': [0.9518123491473094, 0.9523611625297226, 0.9597983928207814, 0.9585053395085932, 0.9653521397269399, 0.9618216634172742, 0.9594534181184722, 0.9629833621459412, 0.9702544279848452, 0.9666510119754248, 0.9657434030324138, 0.969648504439299, 0.9707478950795156, 0.9684279321423928, 0.9661469946949917, 0.9698133505961894, 0.9709620951719897, 0.9706388026603443, 0.966821489519685, 0.9703914339511381, 0.971398697927602, 0.9690082646290952, 0.9685197125430731, 0.9708834550614162, 0.971064455940785, 0.9691393634007712, 0.9686394721246178, 0.9703997110935113, 0.9718403066806051, 0.9683208460887821, 0.9687249995694216, 0.9710982653504285, 0.9715231806071698, 0.9698837496260422, 0.9692860806543233, 0.9709014333306689, 0.9717133743922147, 0.9699355975782945, 0.9693552254881814, 0.9703186998211102, 0.9719628973975499, 0.9697608296212449, 0.9695737677012343, 0.9697154552299763, 0.9721764803632407, 0.9693962824587736, 0.9695956112567895, 0.9705875875718825, 0.9725444219637891, 0.9699818423877808, 0.9692201277547644, 0.9708051488001891, 0.972311836555859, 0.9696745343728098, 0.9699245557894882, 0.9715418774410904, 0.9719925126565782, 0.9696358766465861, 0.9695822063522911, 0.9710385107980478, 0.9722786704239585, 0.96738369327792, 0.9700347309815263, 0.9707930362970952], 'cv_std_test_score': [0.005204142556824525, 0.006743504550505996, 0.004656733341894023, 0.009112305011089528, 0.00578612399200217, 0.004060268608756133, 0.005256539508997703, 0.0041839311872936815, 0.002647445338211617, 0.0017778492823708489, 0.002719439044333409, 0.0016499844813757374, 0.0028416703144150727, 0.0024710699199758045, 0.0025090447581489167, 0.002457188077972008, 0.0027889379179033428, 0.0019407768675247094, 0.002088258590073998, 0.001851793456297131, 0.0032390373907630354, 0.003089002660334076, 0.002719270484563532, 0.0019080860104499658, 0.002588873444740213, 0.0031258588001757148, 0.00198547887052541, 0.0020781969016653956, 0.00332771252928308, 0.0021668196646760654, 0.0020471857798164675, 0.0022550136110264614, 0.002648961243421985, 0.00274726087101455, 0.002185633322031695, 0.002226274108885699, 0.0027996863791916143, 0.0025009379082238216, 0.0019665932074574574, 0.0015745726270370221, 0.0029012641279452136, 0.002645081437228952, 0.0019496809386199971, 0.002283320929377497, 0.0027583354424931283, 0.002270903863568742, 0.0029650100733985595, 0.001554321154997098, 0.0032142695396903368, 0.002359932808031043, 0.0021775956963040735, 0.0016440371100005446, 0.002946469646224155, 0.0026388789641968897, 0.0024440489465749706, 0.0024167118234878922, 0.002790696583482028, 0.002457934128722563, 0.0026052346480809237, 0.0019479091312986337, 0.0030156569442447837, 0.005370788725754885, 0.0023420645234565893, 0.0017051166261473774]}
