
    --------------------
    'Model: Nystrom and ridge classification 
    	Dataset: Diabetes (classification) of shape (768, 8) 	CV: 5 	n_jobs: 5
    	 params: {'nystroem__gamma': array([1.22070312e-04, 1.38106793e-03, 1.56250000e-02, 1.76776695e-01,
       2.00000000e+00]), 'ridge_classification__alpha': array([1.00000000e-04, 3.16227766e-03, 1.00000000e-01, 3.16227766e+00,
       1.00000000e+02])} 
    	 number of hyperparameter 25
    
        	 n components [7, 15, 30, 38, 53, 69, 76, 92, 99, 115, 130, 138, 153, 161, 176, 192]
        	 which correspond with the [1, 2, 4, 5, 7, 9, 10, 12, 13, 15, 17, 18, 20, 21, 23, 25] % of the data
        --------------------
        
{'percent': [1, 2, 4, 5, 7, 9, 10, 12, 13, 15, 17, 18, 20, 21, 23, 25], 'n_components': [7, 15, 30, 38, 53, 69, 76, 92, 99, 115, 130, 138, 153, 161, 176, 192], 'Mean Score in test': [0.7552083333333334, 0.765625, 0.7682291666666667, 0.7747395833333334, 0.7669270833333334, 0.7734375, 0.77734375, 0.7734375, 0.7747395833333334, 0.76953125, 0.7721354166666667, 0.7734375, 0.7747395833333334, 0.7734375000000001, 0.7760416666666666, 0.7747395833333334], 'Std Score in test': [0.03334960540329606, 0.04525559165880927, 0.03405389799641151, 0.03462170781330294, 0.04140133618641836, 0.039235727013852535, 0.033425775138003766, 0.03764800076771085, 0.03462170781330296, 0.03577768662508878, 0.03816237210873138, 0.03764800076771085, 0.03462170781330296, 0.036365208447314945, 0.033954179193763825, 0.03462170781330296], 'Mean Training Time': [0.0015665292739868164, 0.00174635648727417, 0.03250819444656372, 0.028068244457244873, 0.1828504204750061, 0.29197245836257935, 0.3616189956665039, 0.4757183790206909, 0.3669186234474182, 0.412442684173584, 0.5000656247138977, 0.45647549629211426, 0.5404868125915527, 0.6097952723503113, 0.5638924837112427, 0.6013246774673462], 'Std Training Time': [3.4667774890073045e-05, 4.896074422351208e-05, 0.009237486565270042, 0.0054087976560375575, 0.03234272202139593, 0.04297727581527634, 0.07922450479326075, 0.04775758776638361, 0.029675457188458352, 0.10464929032863549, 0.04359573546184323, 0.10545156378668931, 0.0966521995011337, 0.05088279175439132, 0.045636676370912045, 0.08294433510494315], 'Mean Best Score in CV': [0.77167916041979, 0.7747376311844077, 0.7812481259370314, 0.7812481259370314, 0.7790629685157422, 0.7790779610194902, 0.7777773613193403, 0.7782121439280361, 0.778212143928036, 0.7782196401799101, 0.7795164917541229, 0.7786469265367317, 0.7782121439280361, 0.7786469265367316, 0.7777773613193404, 0.7777773613193404], 'Std Best Score in CV': [0.005550396193099655, 0.015454170033383726, 0.020139730498216078, 0.015102904519930262, 0.017808022806934262, 0.016310956974400725, 0.014894686050804533, 0.015606247189744788, 0.014915131592506715, 0.01491797206929842, 0.016347272847469656, 0.015613659320720737, 0.014915131592506719, 0.016321533189126117, 0.014894686050804533, 0.014894686050804533], 'cv_mean_test_score': [0.77167916041979, 0.7747376311844077, 0.7812481259370314, 0.7812481259370314, 0.7790629685157422, 0.7790779610194902, 0.7777773613193403, 0.7782121439280361, 0.778212143928036, 0.7782196401799101, 0.7795164917541229, 0.7786469265367317, 0.7782121439280361, 0.7786469265367316, 0.7777773613193404, 0.7777773613193404], 'cv_std_test_score': [0.036144028911636074, 0.03523166172759235, 0.03598472610675479, 0.04319480239100948, 0.038041030982344126, 0.04225719051377058, 0.04247873575762591, 0.040547264542084197, 0.0423397051193411, 0.03755867523402003, 0.03933674808235212, 0.039844954672007965, 0.041128053940220066, 0.03902872690329941, 0.04067558665574904, 0.04067558665574904], 'cv_mean_fit_time': [0.0016086459159851073, 0.0014118671417236329, 0.007829022407531739, 0.008260512351989747, 0.013455033302307129, 0.024880361557006833, 0.020752978324890137, 0.006735384464263916, 0.01990911960601807, 0.023866558074951173, 0.018956756591796874, 0.03484206199645996, 0.02999356985092163, 0.03149582147598266, 0.03191053867340088, 0.035797500610351564], 'cv_std_fit_time': [0.0004136157371324274, 0.00010698767238648248, 0.008199606262528279, 0.007972330198113775, 0.009422839573861553, 0.013714452280458799, 0.017098020149933488, 0.0048880216507269265, 0.012458463158705385, 0.013329704683197705, 0.009192214849997368, 0.028857104691846845, 0.02336293917926189, 0.018239922040633454, 0.017315807329008406, 0.01969724226766539]}
{'percent': [1, 1, 1, 1, 2, 2, 2, 2, 4, 4, 4, 4, 5, 5, 5, 5, 7, 7, 7, 7, 9, 9, 9, 9, 10, 10, 10, 10, 12, 12, 12, 12, 13, 13, 13, 13, 15, 15, 15, 15, 17, 17, 17, 17, 18, 18, 18, 18, 20, 20, 20, 20, 21, 21, 21, 21, 23, 23, 23, 23, 25, 25, 25, 25], 'n_components': [7, 7, 7, 7, 15, 15, 15, 15, 30, 30, 30, 30, 38, 38, 38, 38, 53, 53, 53, 53, 69, 69, 69, 69, 76, 76, 76, 76, 92, 92, 92, 92, 99, 99, 99, 99, 115, 115, 115, 115, 130, 130, 130, 130, 138, 138, 138, 138, 153, 153, 153, 153, 161, 161, 161, 161, 176, 176, 176, 176, 192, 192, 192, 192], 'Score in test': [0.7916666666666666, 0.7083333333333334, 0.7395833333333334, 0.78125, 0.8072916666666666, 0.734375, 0.7083333333333334, 0.8125, 0.7760416666666666, 0.7552083333333334, 0.7239583333333334, 0.8177083333333334, 0.7916666666666666, 0.765625, 0.7239583333333334, 0.8177083333333334, 0.796875, 0.734375, 0.71875, 0.8177083333333334, 0.796875, 0.765625, 0.7135416666666666, 0.8177083333333334, 0.796875, 0.765625, 0.7291666666666666, 0.8177083333333334, 0.796875, 0.7604166666666666, 0.71875, 0.8177083333333334, 0.796875, 0.7552083333333334, 0.7291666666666666, 0.8177083333333334, 0.78125, 0.7604166666666666, 0.71875, 0.8177083333333334, 0.796875, 0.7552083333333334, 0.71875, 0.8177083333333334, 0.796875, 0.7604166666666666, 0.71875, 0.8177083333333334, 0.796875, 0.7552083333333334, 0.7291666666666666, 0.8177083333333334, 0.796875, 0.7552083333333334, 0.7239583333333334, 0.8177083333333334, 0.796875, 0.7604166666666666, 0.7291666666666666, 0.8177083333333334, 0.796875, 0.7552083333333334, 0.7291666666666666, 0.8177083333333334], 'Training Time': [0.0015940666198730469, 0.0015070438385009766, 0.0015821456909179688, 0.0015828609466552734, 0.0017521381378173828, 0.0016770362854003906, 0.0018150806427001953, 0.001741170883178711, 0.03968191146850586, 0.04110884666442871, 0.03138399124145508, 0.017858028411865234, 0.03181314468383789, 0.029187679290771484, 0.03234100341796875, 0.018931150436401367, 0.22766971588134766, 0.13696002960205078, 0.17751502990722656, 0.18925690650939941, 0.3466989994049072, 0.2653529644012451, 0.23736286163330078, 0.31847500801086426, 0.24646615982055664, 0.3669710159301758, 0.3627181053161621, 0.4703207015991211, 0.4550919532775879, 0.45207881927490234, 0.4380218982696533, 0.5576808452606201, 0.4148528575897217, 0.33585596084594727, 0.3661518096923828, 0.3508138656616211, 0.4275240898132324, 0.3789548873901367, 0.5670549869537354, 0.27623677253723145, 0.5532898902893066, 0.46250295639038086, 0.4520108699798584, 0.5324587821960449, 0.548504114151001, 0.5371599197387695, 0.28471994400024414, 0.4555180072784424, 0.5252928733825684, 0.4110121726989746, 0.5424380302429199, 0.683204174041748, 0.5406899452209473, 0.6399109363555908, 0.6735260486602783, 0.5850541591644287, 0.5738179683685303, 0.612062931060791, 0.48888611793518066, 0.5808029174804688, 0.6283690929412842, 0.693760871887207, 0.4670679569244385, 0.6161007881164551], 'Best Parameters': [{'nystroem__gamma': 0.0013810679320049757, 'ridge_classification__alpha': 0.0031622776601683794}, {'nystroem__gamma': 0.0013810679320049757, 'ridge_classification__alpha': 0.0031622776601683794}, {'nystroem__gamma': 0.0013810679320049757, 'ridge_classification__alpha': 0.1}, {'nystroem__gamma': 0.0001220703125, 'ridge_classification__alpha': 0.0001}, {'nystroem__gamma': 0.0001220703125, 'ridge_classification__alpha': 0.0031622776601683794}, {'nystroem__gamma': 0.0001220703125, 'ridge_classification__alpha': 0.0001}, {'nystroem__gamma': 0.015625, 'ridge_classification__alpha': 0.0031622776601683794}, {'nystroem__gamma': 0.015625, 'ridge_classification__alpha': 0.0031622776601683794}, {'nystroem__gamma': 0.015625, 'ridge_classification__alpha': 0.0031622776601683794}, {'nystroem__gamma': 0.015625, 'ridge_classification__alpha': 0.0001}, {'nystroem__gamma': 0.015625, 'ridge_classification__alpha': 0.1}, {'nystroem__gamma': 0.0001220703125, 'ridge_classification__alpha': 0.0001}, {'nystroem__gamma': 0.015625, 'ridge_classification__alpha': 0.1}, {'nystroem__gamma': 0.015625, 'ridge_classification__alpha': 0.1}, {'nystroem__gamma': 0.015625, 'ridge_classification__alpha': 0.1}, {'nystroem__gamma': 0.0001220703125, 'ridge_classification__alpha': 0.0001}, {'nystroem__gamma': 0.0013810679320049757, 'ridge_classification__alpha': 0.0031622776601683794}, {'nystroem__gamma': 0.0001220703125, 'ridge_classification__alpha': 0.0031622776601683794}, {'nystroem__gamma': 0.015625, 'ridge_classification__alpha': 0.1}, {'nystroem__gamma': 0.0001220703125, 'ridge_classification__alpha': 0.0001}, {'nystroem__gamma': 0.0013810679320049757, 'ridge_classification__alpha': 0.0031622776601683794}, {'nystroem__gamma': 0.0013810679320049757, 'ridge_classification__alpha': 0.0001}, {'nystroem__gamma': 0.015625, 'ridge_classification__alpha': 0.1}, {'nystroem__gamma': 0.0001220703125, 'ridge_classification__alpha': 0.0001}, {'nystroem__gamma': 0.0013810679320049757, 'ridge_classification__alpha': 0.0031622776601683794}, {'nystroem__gamma': 0.0013810679320049757, 'ridge_classification__alpha': 0.0001}, {'nystroem__gamma': 0.0013810679320049757, 'ridge_classification__alpha': 0.0031622776601683794}, {'nystroem__gamma': 0.0001220703125, 'ridge_classification__alpha': 0.0001}, {'nystroem__gamma': 0.0013810679320049757, 'ridge_classification__alpha': 0.0031622776601683794}, {'nystroem__gamma': 0.0013810679320049757, 'ridge_classification__alpha': 0.0001}, {'nystroem__gamma': 0.015625, 'ridge_classification__alpha': 0.1}, {'nystroem__gamma': 0.0001220703125, 'ridge_classification__alpha': 0.0001}, {'nystroem__gamma': 0.0013810679320049757, 'ridge_classification__alpha': 0.0031622776601683794}, {'nystroem__gamma': 0.0013810679320049757, 'ridge_classification__alpha': 0.0001}, {'nystroem__gamma': 0.0013810679320049757, 'ridge_classification__alpha': 0.0031622776601683794}, {'nystroem__gamma': 0.0001220703125, 'ridge_classification__alpha': 0.0001}, {'nystroem__gamma': 0.015625, 'ridge_classification__alpha': 0.1}, {'nystroem__gamma': 0.0013810679320049757, 'ridge_classification__alpha': 0.0001}, {'nystroem__gamma': 0.0013810679320049757, 'ridge_classification__alpha': 0.0001}, {'nystroem__gamma': 0.0001220703125, 'ridge_classification__alpha': 0.0001}, {'nystroem__gamma': 0.0013810679320049757, 'ridge_classification__alpha': 0.0031622776601683794}, {'nystroem__gamma': 0.0013810679320049757, 'ridge_classification__alpha': 0.0001}, {'nystroem__gamma': 0.015625, 'ridge_classification__alpha': 0.1}, {'nystroem__gamma': 0.0001220703125, 'ridge_classification__alpha': 0.0001}, {'nystroem__gamma': 0.0013810679320049757, 'ridge_classification__alpha': 0.0031622776601683794}, {'nystroem__gamma': 0.0013810679320049757, 'ridge_classification__alpha': 0.0001}, {'nystroem__gamma': 0.015625, 'ridge_classification__alpha': 0.1}, {'nystroem__gamma': 0.0001220703125, 'ridge_classification__alpha': 0.0001}, {'nystroem__gamma': 0.0013810679320049757, 'ridge_classification__alpha': 0.0031622776601683794}, {'nystroem__gamma': 0.0013810679320049757, 'ridge_classification__alpha': 0.0001}, {'nystroem__gamma': 0.0013810679320049757, 'ridge_classification__alpha': 0.0031622776601683794}, {'nystroem__gamma': 0.0001220703125, 'ridge_classification__alpha': 0.0001}, {'nystroem__gamma': 0.0013810679320049757, 'ridge_classification__alpha': 0.0031622776601683794}, {'nystroem__gamma': 0.0013810679320049757, 'ridge_classification__alpha': 0.0001}, {'nystroem__gamma': 0.015625, 'ridge_classification__alpha': 0.1}, {'nystroem__gamma': 0.0001220703125, 'ridge_classification__alpha': 0.0001}, {'nystroem__gamma': 0.0013810679320049757, 'ridge_classification__alpha': 0.0031622776601683794}, {'nystroem__gamma': 0.0013810679320049757, 'ridge_classification__alpha': 0.0001}, {'nystroem__gamma': 0.0013810679320049757, 'ridge_classification__alpha': 0.0031622776601683794}, {'nystroem__gamma': 0.0001220703125, 'ridge_classification__alpha': 0.0001}, {'nystroem__gamma': 0.0013810679320049757, 'ridge_classification__alpha': 0.0031622776601683794}, {'nystroem__gamma': 0.0013810679320049757, 'ridge_classification__alpha': 0.0001}, {'nystroem__gamma': 0.0013810679320049757, 'ridge_classification__alpha': 0.0031622776601683794}, {'nystroem__gamma': 0.0001220703125, 'ridge_classification__alpha': 0.0001}], 'Best Score in CV': [0.7725187406296852, 0.7708245877061468, 0.7794902548725637, 0.7638830584707647, 0.7638980509745127, 0.7777961019490255, 0.7986056971514243, 0.7586506746626688, 0.767391304347826, 0.7882458770614693, 0.8107346326836582, 0.7586206896551724, 0.7725637181409295, 0.7813343328335832, 0.8055472263868065, 0.7655472263868066, 0.7656371814092953, 0.7760419790104948, 0.8090104947526238, 0.7655622188905546, 0.7656371814092953, 0.7795652173913044, 0.8055472263868066, 0.7655622188905546, 0.7656371814092953, 0.7778260869565217, 0.8020839580209895, 0.7655622188905546, 0.7656371814092953, 0.7778260869565218, 0.8038230884557722, 0.7655622188905546, 0.7656371814092953, 0.7795652173913044, 0.8020839580209895, 0.7655622188905546, 0.7656521739130435, 0.7795652173913045, 0.8020989505247377, 0.7655622188905546, 0.7656371814092953, 0.781304347826087, 0.8055622188905547, 0.7655622188905546, 0.7656371814092953, 0.7795652173913045, 0.8038230884557722, 0.7655622188905546, 0.7656371814092953, 0.7795652173913045, 0.8020839580209895, 0.7655622188905546, 0.7656371814092953, 0.7778260869565219, 0.8055622188905547, 0.7655622188905546, 0.7656371814092953, 0.7778260869565219, 0.8020839580209895, 0.7655622188905546, 0.7656371814092953, 0.7778260869565219, 0.8020839580209895, 0.7655622188905546], 'cv_mean_test_score': [0.7725187406296852, 0.7708245877061468, 0.7794902548725637, 0.7638830584707647, 0.7638980509745127, 0.7777961019490255, 0.7986056971514243, 0.7586506746626688, 0.767391304347826, 0.7882458770614693, 0.8107346326836582, 0.7586206896551724, 0.7725637181409295, 0.7813343328335832, 0.8055472263868065, 0.7655472263868066, 0.7656371814092953, 0.7760419790104948, 0.8090104947526238, 0.7655622188905546, 0.7656371814092953, 0.7795652173913044, 0.8055472263868066, 0.7655622188905546, 0.7656371814092953, 0.7778260869565217, 0.8020839580209895, 0.7655622188905546, 0.7656371814092953, 0.7778260869565218, 0.8038230884557722, 0.7655622188905546, 0.7656371814092953, 0.7795652173913044, 0.8020839580209895, 0.7655622188905546, 0.7656521739130435, 0.7795652173913045, 0.8020989505247377, 0.7655622188905546, 0.7656371814092953, 0.781304347826087, 0.8055622188905547, 0.7655622188905546, 0.7656371814092953, 0.7795652173913045, 0.8038230884557722, 0.7655622188905546, 0.7656371814092953, 0.7795652173913045, 0.8020839580209895, 0.7655622188905546, 0.7656371814092953, 0.7778260869565219, 0.8055622188905547, 0.7655622188905546, 0.7656371814092953, 0.7778260869565219, 0.8020839580209895, 0.7655622188905546, 0.7656371814092953, 0.7778260869565219, 0.8020839580209895, 0.7655622188905546], 'cv_std_test_score': [0.03113490766293043, 0.038775101748509476, 0.031548218033929716, 0.04311788820117469, 0.0348825529928441, 0.03491098420966254, 0.02719689768775753, 0.043936212020105246, 0.027429235296673925, 0.03956448735928259, 0.037591872762805546, 0.03935330900825709, 0.03498416502111813, 0.05385089466447259, 0.04354438439752118, 0.04039976548092603, 0.038411531931871704, 0.03031043793269351, 0.045415666917405756, 0.038026487147405516, 0.038411531931871704, 0.05708084672096106, 0.03550989625484407, 0.038026487147405516, 0.038411531931871704, 0.05602456927945951, 0.037452354671766934, 0.038026487147405516, 0.038411531931871704, 0.05438085952610285, 0.03137017956295671, 0.038026487147405516, 0.038411531931871704, 0.05546844672632022, 0.037452354671766934, 0.038026487147405516, 0.036282862687000136, 0.05062184200983613, 0.025303509091838348, 0.038026487147405516, 0.038411531931871704, 0.052599711773344764, 0.028309261476786515, 0.038026487147405516, 0.038411531931871704, 0.05062184200983613, 0.032319957598918495, 0.038026487147405516, 0.038411531931871704, 0.05062184200983613, 0.037452354671766934, 0.038026487147405516, 0.038411531931871704, 0.04881197287195198, 0.03086491566196845, 0.038026487147405516, 0.038411531931871704, 0.04881197287195198, 0.037452354671766934, 0.038026487147405516, 0.038411531931871704, 0.04881197287195198, 0.037452354671766934, 0.038026487147405516], 'cv_mean_fit_time': [0.001585674285888672, 0.002230072021484375, 0.00126190185546875, 0.0013569355010986327, 0.001371145248413086, 0.0015888214111328125, 0.0013872146606445312, 0.0013002872467041016, 0.001953744888305664, 0.006313610076904297, 0.010071849822998047, 0.012976884841918945, 0.004287290573120117, 0.0059833526611328125, 0.008153772354125977, 0.014617633819580079, 0.02487807273864746, 0.010626649856567383, 0.008125209808349609, 0.010190200805664063, 0.009284210205078126, 0.0029687881469726562, 0.012025737762451172, 0.07524271011352539, 0.014519262313842773, 0.014301300048828125, 0.02073330879211426, 0.03345804214477539, 0.009499597549438476, 0.0065460681915283205, 0.003731966018676758, 0.007163906097412109, 0.03200631141662598, 0.015032768249511719, 0.02266216278076172, 0.009935235977172852, 0.018390893936157227, 0.01901836395263672, 0.02216196060180664, 0.0358950138092041, 0.004407215118408203, 0.023467636108398436, 0.015882158279418947, 0.03207001686096191, 0.023744869232177734, 0.051871442794799806, 0.008688592910766601, 0.0550633430480957, 0.03142328262329101, 0.023615932464599608, 0.025701189041137697, 0.0392338752746582, 0.03047151565551758, 0.018134498596191408, 0.016975879669189453, 0.060401391983032224, 0.028487634658813477, 0.030853700637817384, 0.02597808837890625, 0.042322731018066405, 0.026460886001586914, 0.04511866569519043, 0.030530595779418947, 0.04107985496520996], 'cv_std_fit_time': [0.00033879021369112653, 0.0010913568891949253, 0.0001530360108767, 7.127983476695785e-05, 3.889804780753126e-05, 0.00015415342217389488, 0.0001414631761337139, 9.343604343078984e-05, 0.0005971342193649897, 0.006148394650150488, 0.012131978695894758, 0.01392091748470288, 0.00406319527684035, 0.004704624911089534, 0.01220927619649835, 0.010912224408026866, 0.01701464144103049, 0.011654125707982958, 0.0050552514454302935, 0.003967339701002471, 0.010361492332081284, 0.0010900938595833172, 0.009476240478528528, 0.03392998245164207, 0.0169464502868899, 0.014654158789494297, 0.021080899816258637, 0.015710571707091118, 0.007818103798928057, 0.0037172459192948925, 0.0012840714977502426, 0.006732665386934513, 0.02089116187634944, 0.011676197718010954, 0.011472760027535087, 0.005793733012926061, 0.010687707125472307, 0.008548520279141414, 0.010311298137618214, 0.023771293190558884, 0.00014750296013876928, 0.012180247709023349, 0.014884422355476544, 0.009556686375350808, 0.01792706274918792, 0.02896923478607517, 0.0052924347297253985, 0.0632396865023989, 0.040226580816760144, 0.015648206295522313, 0.011750947966989821, 0.025826021637775278, 0.01623971369084763, 0.013104916081801378, 0.011128755806757405, 0.03248630258312741, 0.013905716832536368, 0.01117950878585984, 0.018612492468698418, 0.025565511228939002, 0.013042940251611884, 0.02252695153770569, 0.01858557809253177, 0.02463349918881222]}
