
    --------------------
    'Model: Nystrom and SVC 
    	Dataset: Diabetes (classification) of shape (768, 8) 	CV: 5 	n_jobs: 5
    	 params: {'nystroem__gamma': array([1.22070312e-04, 1.38106793e-03, 1.56250000e-02, 1.76776695e-01,
       2.00000000e+00]), 'svm__C': array([1.00000000e-04, 3.16227766e-03, 1.00000000e-01, 3.16227766e+00,
       1.00000000e+02])} 
    	 number of hyperparameter 25
    
        	 n components [7, 15, 30, 38, 53, 69, 76, 92, 99, 115, 130, 138, 153, 161, 176, 192]
        	 which correspond with the [1, 2, 4, 5, 7, 9, 10, 12, 13, 15, 17, 18, 20, 21, 23, 25] % of the data
        --------------------
        
{'percent': [1, 2, 4, 5, 7, 9, 10, 12, 13, 15, 17, 18, 20, 21, 23, 25], 'n_components': [7, 15, 30, 38, 53, 69, 76, 92, 99, 115, 130, 138, 153, 161, 176, 192], 'Mean Score in test': [0.7669270833333333, 0.7773437499999999, 0.7721354166666666, 0.7747395833333333, 0.7721354166666666, 0.7747395833333333, 0.7747395833333333, 0.7734374999999999, 0.7747395833333333, 0.7721354166666666, 0.7721354166666666, 0.7734375, 0.7734375, 0.7747395833333333, 0.77734375, 0.7747395833333333], 'Std Score in test': [0.03382911733532961, 0.031331274519572815, 0.03851614442122144, 0.038162372108731364, 0.03577768662508877, 0.03501127515559568, 0.03501127515559568, 0.036920434580098485, 0.038162372108731364, 0.03577768662508877, 0.03577768662508877, 0.03385416666666666, 0.03385416666666666, 0.03197403426512677, 0.028378248330342918, 0.03197403426512677], 'Mean Training Time': [0.01074361801147461, 0.015823423862457275, 0.022534668445587158, 0.032131850719451904, 0.050027668476104736, 0.0556148886680603, 0.08273047208786011, 0.060204386711120605, 0.08628296852111816, 0.06757175922393799, 0.08931005001068115, 0.07323849201202393, 0.07310497760772705, 0.10165804624557495, 0.10826480388641357, 0.14559423923492432], 'Std Training Time': [0.001998198919900403, 0.005842371856684303, 0.010517911294864355, 0.012998203970820186, 0.020807548616774644, 0.015768468944363206, 0.029669332777620832, 0.03737750351138122, 0.024003925542347905, 0.018155899271551507, 0.029820116228293066, 0.016098415405853498, 0.001726528503889458, 0.024228852147509406, 0.055138701312043, 0.028196430377546187], 'Mean Best Score in CV': [0.7625862068965518, 0.7747076461769116, 0.7747151424287857, 0.7755809595202399, 0.7764655172413792, 0.7747076461769116, 0.7742728635682159, 0.77428035982009, 0.7738380809595202, 0.7747151424287857, 0.77428035982009, 0.7747263868065968, 0.7738455772113944, 0.7742916041979011, 0.7742916041979011, 0.7747263868065968], 'Std Best Score in CV': [0.011951407214489843, 0.015019503424564658, 0.01764104119982163, 0.016226271813560813, 0.018485940651025747, 0.01598535945483151, 0.015389288420663155, 0.015382537165394514, 0.01480752831466099, 0.015978656075235752, 0.015382537165394514, 0.01599424856772765, 0.014800731901489329, 0.015397780806363814, 0.015397780806363814, 0.01599424856772761], 'cv_mean_test_score': [0.7625862068965518, 0.7747076461769116, 0.7747151424287857, 0.7755809595202399, 0.7764655172413792, 0.7747076461769116, 0.7742728635682159, 0.77428035982009, 0.7738380809595202, 0.7747151424287857, 0.77428035982009, 0.7747263868065968, 0.7738455772113944, 0.7742916041979011, 0.7742916041979011, 0.7747263868065968], 'cv_std_test_score': [0.03610148718704448, 0.03687693600875052, 0.03508797344686846, 0.034026490539968056, 0.03681299775661145, 0.03675455029393439, 0.03653509045965604, 0.036063613174950285, 0.03616857201933899, 0.03639727935235764, 0.036177819518079295, 0.03472429542090057, 0.035811301077762245, 0.03587132350894303, 0.034866374841508174, 0.03486033810197366], 'cv_mean_fit_time': [0.010390126705169677, 0.015081536769866944, 0.014539933204650878, 0.01620711088180542, 0.016953122615814206, 0.018224918842315675, 0.02071232795715332, 0.022540342807769776, 0.023252582550048827, 0.027812612056732175, 0.027975094318389893, 0.03146491050720215, 0.03464399576187134, 0.034276950359344485, 0.04144344329833985, 0.040384435653686525], 'cv_std_fit_time': [0.002294972373193313, 0.002029363337977725, 0.0011839467030756413, 0.001990944499388909, 0.002634868572658519, 0.0011309379486600596, 0.0028045840604477793, 0.0016953037966306738, 0.0031269841268311872, 0.001764430960317893, 0.0030453134394853648, 0.00448739624353028, 0.003755520385389085, 0.005291803820545771, 0.006718989943446174, 0.0069070327510455404]}
{'percent': [1, 1, 1, 1, 2, 2, 2, 2, 4, 4, 4, 4, 5, 5, 5, 5, 7, 7, 7, 7, 9, 9, 9, 9, 10, 10, 10, 10, 12, 12, 12, 12, 13, 13, 13, 13, 15, 15, 15, 15, 17, 17, 17, 17, 18, 18, 18, 18, 20, 20, 20, 20, 21, 21, 21, 21, 23, 23, 23, 23, 25, 25, 25, 25], 'n_components': [7, 7, 7, 7, 15, 15, 15, 15, 30, 30, 30, 30, 38, 38, 38, 38, 53, 53, 53, 53, 69, 69, 69, 69, 76, 76, 76, 76, 92, 92, 92, 92, 99, 99, 99, 99, 115, 115, 115, 115, 130, 130, 130, 130, 138, 138, 138, 138, 153, 153, 153, 153, 161, 161, 161, 161, 176, 176, 176, 176, 192, 192, 192, 192], 'Score in test': [0.8072916666666666, 0.7447916666666666, 0.7239583333333334, 0.7916666666666666, 0.8072916666666666, 0.7604166666666666, 0.734375, 0.8072916666666666, 0.8125, 0.7447916666666666, 0.7239583333333334, 0.8072916666666666, 0.8125, 0.7604166666666666, 0.71875, 0.8072916666666666, 0.8020833333333334, 0.7604166666666666, 0.71875, 0.8072916666666666, 0.8072916666666666, 0.7604166666666666, 0.7239583333333334, 0.8072916666666666, 0.8072916666666666, 0.7604166666666666, 0.7239583333333334, 0.8072916666666666, 0.8072916666666666, 0.7604166666666666, 0.71875, 0.8072916666666666, 0.8125, 0.7604166666666666, 0.71875, 0.8072916666666666, 0.8020833333333334, 0.7604166666666666, 0.71875, 0.8072916666666666, 0.8020833333333334, 0.7604166666666666, 0.71875, 0.8072916666666666, 0.8020833333333334, 0.7604166666666666, 0.7239583333333334, 0.8072916666666666, 0.8020833333333334, 0.7604166666666666, 0.7239583333333334, 0.8072916666666666, 0.8020833333333334, 0.7604166666666666, 0.7291666666666666, 0.8072916666666666, 0.8020833333333334, 0.7604166666666666, 0.7395833333333334, 0.8072916666666666, 0.8020833333333334, 0.7604166666666666, 0.7291666666666666, 0.8072916666666666], 'Training Time': [0.009071826934814453, 0.009656906127929688, 0.014146566390991211, 0.010099172592163086, 0.0171663761138916, 0.010187864303588867, 0.024816513061523438, 0.011122941970825195, 0.01677846908569336, 0.013792276382446289, 0.019110679626464844, 0.04045724868774414, 0.019106149673461914, 0.02155447006225586, 0.05153965950012207, 0.03632712364196777, 0.055037736892700195, 0.033861398696899414, 0.08190345764160156, 0.029308080673217773, 0.08236360549926758, 0.0472865104675293, 0.041928768157958984, 0.05088067054748535, 0.054335594177246094, 0.10730195045471191, 0.11707472801208496, 0.05220961570739746, 0.028980016708374023, 0.12020111083984375, 0.02850031852722168, 0.06313610076904297, 0.08962869644165039, 0.09622454643249512, 0.04718589782714844, 0.11209273338317871, 0.06830668449401855, 0.05292916297912598, 0.09696316719055176, 0.052088022232055664, 0.1073758602142334, 0.062271833419799805, 0.058730125427246094, 0.1288623809814453, 0.06516098976135254, 0.05895709991455078, 0.10050320625305176, 0.06833267211914062, 0.07124900817871094, 0.07153058052062988, 0.07506155967712402, 0.07457876205444336, 0.0628054141998291, 0.1163632869720459, 0.10087037086486816, 0.12659311294555664, 0.07778739929199219, 0.11878347396850586, 0.19214415550231934, 0.044344186782836914, 0.14133119583129883, 0.12784099578857422, 0.1926887035369873, 0.12051606178283691], 'Best Parameters': [{'nystroem__gamma': 0.0001220703125, 'svm__C': 100.0}, {'nystroem__gamma': 0.0001220703125, 'svm__C': 100.0}, {'nystroem__gamma': 0.015625, 'svm__C': 100.0}, {'nystroem__gamma': 0.0013810679320049757, 'svm__C': 100.0}, {'nystroem__gamma': 0.0013810679320049757, 'svm__C': 100.0}, {'nystroem__gamma': 0.0001220703125, 'svm__C': 100.0}, {'nystroem__gamma': 0.015625, 'svm__C': 100.0}, {'nystroem__gamma': 0.0001220703125, 'svm__C': 100.0}, {'nystroem__gamma': 0.0013810679320049757, 'svm__C': 100.0}, {'nystroem__gamma': 0.015625, 'svm__C': 3.1622776601683795}, {'nystroem__gamma': 0.015625, 'svm__C': 3.1622776601683795}, {'nystroem__gamma': 0.0001220703125, 'svm__C': 100.0}, {'nystroem__gamma': 0.0013810679320049757, 'svm__C': 100.0}, {'nystroem__gamma': 0.0001220703125, 'svm__C': 100.0}, {'nystroem__gamma': 0.015625, 'svm__C': 100.0}, {'nystroem__gamma': 0.0001220703125, 'svm__C': 100.0}, {'nystroem__gamma': 0.015625, 'svm__C': 3.1622776601683795}, {'nystroem__gamma': 0.0001220703125, 'svm__C': 100.0}, {'nystroem__gamma': 0.015625, 'svm__C': 100.0}, {'nystroem__gamma': 0.0001220703125, 'svm__C': 100.0}, {'nystroem__gamma': 0.0013810679320049757, 'svm__C': 100.0}, {'nystroem__gamma': 0.0001220703125, 'svm__C': 100.0}, {'nystroem__gamma': 0.015625, 'svm__C': 3.1622776601683795}, {'nystroem__gamma': 0.0001220703125, 'svm__C': 100.0}, {'nystroem__gamma': 0.0013810679320049757, 'svm__C': 100.0}, {'nystroem__gamma': 0.0001220703125, 'svm__C': 100.0}, {'nystroem__gamma': 0.015625, 'svm__C': 3.1622776601683795}, {'nystroem__gamma': 0.0001220703125, 'svm__C': 100.0}, {'nystroem__gamma': 0.015625, 'svm__C': 3.1622776601683795}, {'nystroem__gamma': 0.0001220703125, 'svm__C': 100.0}, {'nystroem__gamma': 0.015625, 'svm__C': 3.1622776601683795}, {'nystroem__gamma': 0.0001220703125, 'svm__C': 100.0}, {'nystroem__gamma': 0.0013810679320049757, 'svm__C': 100.0}, {'nystroem__gamma': 0.0001220703125, 'svm__C': 100.0}, {'nystroem__gamma': 0.015625, 'svm__C': 3.1622776601683795}, {'nystroem__gamma': 0.0001220703125, 'svm__C': 100.0}, {'nystroem__gamma': 0.015625, 'svm__C': 3.1622776601683795}, {'nystroem__gamma': 0.0001220703125, 'svm__C': 100.0}, {'nystroem__gamma': 0.015625, 'svm__C': 3.1622776601683795}, {'nystroem__gamma': 0.0001220703125, 'svm__C': 100.0}, {'nystroem__gamma': 0.015625, 'svm__C': 3.1622776601683795}, {'nystroem__gamma': 0.0001220703125, 'svm__C': 100.0}, {'nystroem__gamma': 0.015625, 'svm__C': 3.1622776601683795}, {'nystroem__gamma': 0.0001220703125, 'svm__C': 100.0}, {'nystroem__gamma': 0.015625, 'svm__C': 3.1622776601683795}, {'nystroem__gamma': 0.0001220703125, 'svm__C': 100.0}, {'nystroem__gamma': 0.015625, 'svm__C': 100.0}, {'nystroem__gamma': 0.0001220703125, 'svm__C': 100.0}, {'nystroem__gamma': 0.015625, 'svm__C': 3.1622776601683795}, {'nystroem__gamma': 0.0001220703125, 'svm__C': 100.0}, {'nystroem__gamma': 0.015625, 'svm__C': 3.1622776601683795}, {'nystroem__gamma': 0.0001220703125, 'svm__C': 100.0}, {'nystroem__gamma': 0.015625, 'svm__C': 3.1622776601683795}, {'nystroem__gamma': 0.0001220703125, 'svm__C': 100.0}, {'nystroem__gamma': 0.015625, 'svm__C': 100.0}, {'nystroem__gamma': 0.0001220703125, 'svm__C': 100.0}, {'nystroem__gamma': 0.015625, 'svm__C': 3.1622776601683795}, {'nystroem__gamma': 0.0001220703125, 'svm__C': 100.0}, {'nystroem__gamma': 0.015625, 'svm__C': 100.0}, {'nystroem__gamma': 0.0001220703125, 'svm__C': 100.0}, {'nystroem__gamma': 0.015625, 'svm__C': 3.1622776601683795}, {'nystroem__gamma': 0.0001220703125, 'svm__C': 100.0}, {'nystroem__gamma': 0.015625, 'svm__C': 100.0}, {'nystroem__gamma': 0.0001220703125, 'svm__C': 100.0}], 'Best Score in CV': [0.7482908545727136, 0.7760419790104948, 0.7726386806596701, 0.7533733133433284, 0.7621289355322339, 0.7829385307346327, 0.7951424287856073, 0.7586206896551724, 0.7569415292353823, 0.7847076461769116, 0.7985907046476762, 0.7586206896551724, 0.7621439280359821, 0.7829385307346327, 0.7986206896551724, 0.7586206896551724, 0.7604497751124437, 0.7829385307346327, 0.8038530734632683, 0.7586206896551724, 0.7604047976011994, 0.7829385307346327, 0.7968665667166417, 0.7586206896551724, 0.7604047976011994, 0.7829385307346327, 0.7951274362818591, 0.7586206896551724, 0.7604347826086957, 0.7829385307346327, 0.7951274362818591, 0.7586206896551724, 0.7604047976011994, 0.7829385307346327, 0.7933883058470764, 0.7586206896551724, 0.7604347826086957, 0.7829385307346327, 0.7968665667166418, 0.7586206896551724, 0.7604347826086957, 0.7829385307346327, 0.7951274362818591, 0.7586206896551724, 0.7604347826086957, 0.7829385307346327, 0.7969115442278861, 0.7586206896551724, 0.7604347826086957, 0.7829385307346327, 0.7933883058470764, 0.7586206896551724, 0.7604347826086957, 0.7829385307346327, 0.7951724137931034, 0.7586206896551724, 0.7604347826086957, 0.7829385307346327, 0.7951724137931034, 0.7586206896551724, 0.7604347826086957, 0.7829385307346327, 0.796911544227886, 0.7586206896551724], 'cv_mean_test_score': [0.7482908545727136, 0.7760419790104948, 0.7726386806596701, 0.7533733133433284, 0.7621289355322339, 0.7829385307346327, 0.7951424287856073, 0.7586206896551724, 0.7569415292353823, 0.7847076461769116, 0.7985907046476762, 0.7586206896551724, 0.7621439280359821, 0.7829385307346327, 0.7986206896551724, 0.7586206896551724, 0.7604497751124437, 0.7829385307346327, 0.8038530734632683, 0.7586206896551724, 0.7604047976011994, 0.7829385307346327, 0.7968665667166417, 0.7586206896551724, 0.7604047976011994, 0.7829385307346327, 0.7951274362818591, 0.7586206896551724, 0.7604347826086957, 0.7829385307346327, 0.7951274362818591, 0.7586206896551724, 0.7604047976011994, 0.7829385307346327, 0.7933883058470764, 0.7586206896551724, 0.7604347826086957, 0.7829385307346327, 0.7968665667166418, 0.7586206896551724, 0.7604347826086957, 0.7829385307346327, 0.7951274362818591, 0.7586206896551724, 0.7604347826086957, 0.7829385307346327, 0.7969115442278861, 0.7586206896551724, 0.7604347826086957, 0.7829385307346327, 0.7933883058470764, 0.7586206896551724, 0.7604347826086957, 0.7829385307346327, 0.7951724137931034, 0.7586206896551724, 0.7604347826086957, 0.7829385307346327, 0.7951724137931034, 0.7586206896551724, 0.7604347826086957, 0.7829385307346327, 0.796911544227886, 0.7586206896551724], 'cv_std_test_score': [0.02721841055088661, 0.039801119015585945, 0.04539956898315145, 0.0319868501985539, 0.04293007044373392, 0.035464342176390405, 0.029377595903989806, 0.03973573551088796, 0.036073147945242044, 0.03460067187503982, 0.029942338456304007, 0.03973573551088796, 0.036775422909354906, 0.035464342176390405, 0.024130461563238947, 0.03973573551088796, 0.03810484559406375, 0.035464342176390405, 0.033947067745103664, 0.03973573551088796, 0.03760759517972394, 0.035464342176390405, 0.03421052830873525, 0.03973573551088796, 0.03760759517972394, 0.035464342176390405, 0.03333268897162188, 0.03973573551088796, 0.036178511413416936, 0.035464342176390405, 0.03287586359910583, 0.03973573551088796, 0.03760759517972394, 0.035464342176390405, 0.03186661521035368, 0.03973573551088796, 0.036178511413416936, 0.035464342176390405, 0.03421052830873525, 0.03973573551088796, 0.036178511413416936, 0.035464342176390405, 0.03333268897162188, 0.03973573551088796, 0.036178511413416936, 0.035464342176390405, 0.027518592582906967, 0.03973573551088796, 0.036178511413416936, 0.035464342176390405, 0.03186661521035368, 0.03973573551088796, 0.036178511413416936, 0.035464342176390405, 0.03210670493507681, 0.03973573551088796, 0.036178511413416936, 0.035464342176390405, 0.028086910265337398, 0.03973573551088796, 0.036178511413416936, 0.035464342176390405, 0.028062763307199336, 0.03973573551088796], 'cv_mean_fit_time': [0.009621477127075196, 0.00947108268737793, 0.012515878677368164, 0.009952068328857422, 0.014598703384399414, 0.013078069686889649, 0.0216616153717041, 0.01098775863647461, 0.013060855865478515, 0.014447355270385742, 0.015301179885864259, 0.015350341796875, 0.015682697296142578, 0.0157623291015625, 0.019624948501586914, 0.013758468627929687, 0.017065048217773438, 0.015072441101074219, 0.01991758346557617, 0.015757417678833006, 0.01309514045715332, 0.020503950119018555, 0.018772125244140625, 0.020528459548950197, 0.022881412506103517, 0.018629693984985353, 0.019966602325439453, 0.02137160301208496, 0.01870126724243164, 0.024900531768798827, 0.023996639251708984, 0.02256293296813965, 0.025530576705932617, 0.02470555305480957, 0.021659040451049806, 0.02111515998840332, 0.027285671234130858, 0.028131723403930664, 0.02922682762145996, 0.026606225967407228, 0.026745080947875977, 0.02894415855407715, 0.030482673645019533, 0.025728464126586914, 0.029794740676879882, 0.030981969833374024, 0.03386201858520508, 0.03122091293334961, 0.036026811599731444, 0.03758358955383301, 0.03165116310119629, 0.03331441879272461, 0.03641047477722168, 0.032791423797607425, 0.03281478881835938, 0.03509111404418945, 0.04077372550964355, 0.042340850830078124, 0.04453411102294922, 0.03812508583068848, 0.03504934310913086, 0.03915605545043945, 0.04521422386169434, 0.04211812019348145], 'cv_std_fit_time': [0.002005772124269892, 0.00199882757436518, 0.002518194813801896, 0.0026570949803362853, 0.001162199966615928, 0.00043815869809352885, 0.004328900793052633, 0.00218819389414881, 0.002829375000352197, 0.0009891471851685729, 0.00026301839711743703, 0.0006542462296643584, 0.000835477786609303, 0.00044800882410155865, 0.00430600572341403, 0.002374285663430744, 0.00021067132983500526, 0.0028160800134700275, 0.0049022537276261526, 0.00261046921970289, 0.0008044123012733098, 0.0004902916180307179, 0.001438520012213566, 0.0017905278631226446, 0.004040234762812607, 0.004138127964022652, 0.0019600450927241175, 0.0010799284222317417, 0.003054202599560744, 0.0016359493797504505, 0.0001596315496674167, 0.0019314316575440831, 0.0035896502315878463, 0.0020627970040753164, 0.00266060489760841, 0.004194884374053177, 0.0006927980609638757, 0.0011113949922994632, 0.0031336201026718464, 0.002119910685336386, 0.004050208131437061, 0.004244485209212749, 0.0014262517337577725, 0.0024603086835338767, 0.004207377174914578, 0.0026845370188537756, 0.0068274175516715024, 0.004230253228681265, 0.0003600725413660367, 0.0017467138049667727, 0.007731209840460558, 0.005184085354762972, 0.003175410046385364, 0.006324122605401555, 0.005860131626292744, 0.005807551004103423, 0.0004420977550875177, 0.006326062700295042, 0.013155334147568585, 0.0069524651708335545, 0.006627661918443012, 0.0039222627286792915, 0.010243038948874511, 0.0068351674081853515]}
