
    --------------------
    'Model: Random Fourier features and ridge classification 
    	Dataset: Diabetes (classification) of shape (768, 8) 	CV: 5 	n_jobs: 5
    	 params: {'fourier_random_features__gamma': [0.0001220703125, 0.0013810679320049757, 0.015625, 0.1767766952966369, 2.0], 'ridge_classification__alpha': array([1.00000000e-04, 3.16227766e-03, 1.00000000e-01, 3.16227766e+00,
       1.00000000e+02])} 
    	 number of hyperparameter 25
    
        	 n components [7, 15, 30, 38, 53, 69, 76, 92, 99, 115, 130, 138, 153, 161, 176, 192]
        	 which correspond with the [1, 2, 4, 5, 7, 9, 10, 12, 13, 15, 17, 18, 20, 21, 23, 25] % of the data
        --------------------
        
{'percent': [1, 2, 4, 5, 7, 9, 10, 12, 13, 15, 17, 18, 20, 21, 23, 25], 'n_components': [7, 15, 30, 38, 53, 69, 76, 92, 99, 115, 130, 138, 153, 161, 176, 192], 'Mean Score in test': [0.76171875, 0.7669270833333334, 0.7825520833333334, 0.7630208333333333, 0.7604166666666666, 0.7643229166666666, 0.7734375, 0.7734375, 0.76953125, 0.7630208333333333, 0.7682291666666666, 0.76171875, 0.7773437499999999, 0.7669270833333333, 0.7799479166666666, 0.7721354166666667], 'Std Score in test': [0.030895339889855912, 0.035204442277593194, 0.030004475577611742, 0.03906249999999997, 0.046145950902784776, 0.03833966631337358, 0.02980604984963438, 0.0281683693395624, 0.035777686625088755, 0.032630114807660586, 0.037648000767710854, 0.04269165705925778, 0.04090697414688805, 0.03558763116853242, 0.03197403426512675, 0.04090697414688802], 'Mean Training Time': [0.00209730863571167, 0.0013049840927124023, 0.007662594318389893, 0.016592562198638916, 0.02421468496322632, 0.08084243535995483, 0.1784633994102478, 0.14484179019927979, 0.1780867576599121, 0.20323854684829712, 0.19873249530792236, 0.21553575992584229, 0.312885046005249, 0.3132895827293396, 0.33292555809020996, 0.2776240110397339], 'Std Training Time': [0.0013890381245931565, 2.6981621081860212e-05, 0.0034512759341836312, 0.004007216820789138, 0.010995159917736336, 0.008747150823842822, 0.032575324082882356, 0.016488451762564887, 0.037152440094161306, 0.036062570867180434, 0.03326695780232127, 0.03862520864924287, 0.006163576561603452, 0.020797747473862867, 0.021757695457541058, 0.09330665479277166], 'Mean Best Score in CV': [0.7642803598200899, 0.7769265367316343, 0.7769227886056973, 0.7812406296851575, 0.7799475262368816, 0.7790742128935532, 0.7799587706146927, 0.7812443778110943, 0.7825562218890556, 0.7790742128935533, 0.7795089955022488, 0.7795052473763118, 0.7786319340329835, 0.7781859070464767, 0.7777923538230884, 0.7799325337331334], 'Std Best Score in CV': [0.010801953290241828, 0.010331200419818628, 0.016171902991254004, 0.01577704194094483, 0.016903240156618655, 0.01748430767138065, 0.01818410666727352, 0.020024162783074378, 0.017895638360064633, 0.01622909748680934, 0.015291557784937305, 0.015312866566927801, 0.014976053099882812, 0.017173119554575848, 0.018517879727170197, 0.01810136224211184], 'cv_mean_test_score': [0.7642803598200899, 0.7769265367316343, 0.7769227886056973, 0.7812406296851575, 0.7799475262368816, 0.7790742128935532, 0.7799587706146927, 0.7812443778110943, 0.7825562218890556, 0.7790742128935533, 0.7795089955022488, 0.7795052473763118, 0.7786319340329835, 0.7781859070464767, 0.7777923538230884, 0.7799325337331334], 'cv_std_test_score': [0.042027759560918074, 0.034482271987958994, 0.026885457651703356, 0.03405286757373478, 0.035182101695807405, 0.03213891147581711, 0.034561941472738195, 0.03693247341606089, 0.033554249232602244, 0.0410025015140569, 0.03491175727393071, 0.0350827507641014, 0.033475615084853305, 0.03427639914462628, 0.037895677066293584, 0.03667666203905758], 'cv_mean_fit_time': [0.0010814905166625977, 0.0011521577835083008, 0.0052031993865966795, 0.003973245620727539, 0.008934950828552246, 0.02362651824951172, 0.008907902240753173, 0.021132504940032958, 0.010010242462158203, 0.01822082996368408, 0.02896343469619751, 0.01368621587753296, 0.01011248826980591, 0.016183865070343015, 0.013024735450744628, 0.01835035085678101], 'cv_std_fit_time': [0.00010694839559928392, 9.827676057178302e-05, 0.005076823088262438, 0.004788667425769423, 0.00852455025210974, 0.0174754656392017, 0.0055890400931002384, 0.012558210462228032, 0.008398316686944443, 0.012191952712438045, 0.022259097337519063, 0.015726956190869723, 0.006471631366716097, 0.01144704446010399, 0.009821180317251845, 0.012336028923813485]}
{'percent': [1, 1, 1, 1, 2, 2, 2, 2, 4, 4, 4, 4, 5, 5, 5, 5, 7, 7, 7, 7, 9, 9, 9, 9, 10, 10, 10, 10, 12, 12, 12, 12, 13, 13, 13, 13, 15, 15, 15, 15, 17, 17, 17, 17, 18, 18, 18, 18, 20, 20, 20, 20, 21, 21, 21, 21, 23, 23, 23, 23, 25, 25, 25, 25], 'n_components': [7, 7, 7, 7, 15, 15, 15, 15, 30, 30, 30, 30, 38, 38, 38, 38, 53, 53, 53, 53, 69, 69, 69, 69, 76, 76, 76, 76, 92, 92, 92, 92, 99, 99, 99, 99, 115, 115, 115, 115, 130, 130, 130, 130, 138, 138, 138, 138, 153, 153, 153, 153, 161, 161, 161, 161, 176, 176, 176, 176, 192, 192, 192, 192], 'Score in test': [0.7604166666666666, 0.7395833333333334, 0.734375, 0.8125, 0.8020833333333334, 0.734375, 0.7291666666666666, 0.8020833333333334, 0.8125, 0.7552083333333334, 0.75, 0.8125, 0.8072916666666666, 0.7447916666666666, 0.7083333333333334, 0.7916666666666666, 0.8072916666666666, 0.734375, 0.6979166666666666, 0.8020833333333334, 0.8072916666666666, 0.734375, 0.71875, 0.796875, 0.7760416666666666, 0.765625, 0.734375, 0.8177083333333334, 0.7864583333333334, 0.7552083333333334, 0.7395833333333334, 0.8125, 0.7916666666666666, 0.7552083333333334, 0.71875, 0.8125, 0.7916666666666666, 0.7447916666666666, 0.71875, 0.796875, 0.7916666666666666, 0.7291666666666666, 0.734375, 0.8177083333333334, 0.7760416666666666, 0.7395833333333334, 0.7083333333333334, 0.8229166666666666, 0.8125, 0.7447916666666666, 0.7291666666666666, 0.8229166666666666, 0.7708333333333334, 0.7447916666666666, 0.7291666666666666, 0.8229166666666666, 0.8125, 0.765625, 0.734375, 0.8072916666666666, 0.8072916666666666, 0.7395833333333334, 0.7239583333333334, 0.8177083333333334], 'Training Time': [0.004503011703491211, 0.0012781620025634766, 0.0012850761413574219, 0.0013229846954345703, 0.0012669563293457031, 0.0013401508331298828, 0.0012958049774169922, 0.0013170242309570312, 0.012761116027832031, 0.008903980255126953, 0.0045702457427978516, 0.004415035247802734, 0.016808032989501953, 0.022799253463745117, 0.0149688720703125, 0.011794090270996094, 0.01790595054626465, 0.041989803314208984, 0.012910127639770508, 0.024052858352661133, 0.07284402847290039, 0.09316182136535645, 0.08504486083984375, 0.07231903076171875, 0.16020607948303223, 0.2317183017730713, 0.1457531452178955, 0.1761760711669922, 0.14723896980285645, 0.1520681381225586, 0.1622021198272705, 0.1178579330444336, 0.17767596244812012, 0.1526479721069336, 0.14336800575256348, 0.23865509033203125, 0.20662498474121094, 0.1450660228729248, 0.2429962158203125, 0.21826696395874023, 0.24907541275024414, 0.2034468650817871, 0.18451690673828125, 0.15789079666137695, 0.20433807373046875, 0.27551817893981934, 0.21410393714904785, 0.1681828498840332, 0.3116302490234375, 0.3034079074859619, 0.3170301914215088, 0.3194718360900879, 0.31174182891845703, 0.29607081413269043, 0.34772491455078125, 0.2976207733154297, 0.3436288833618164, 0.29559803009033203, 0.3501911163330078, 0.3422842025756836, 0.3216879367828369, 0.11634397506713867, 0.337191104888916, 0.33527302742004395], 'Best Parameters': [{'fourier_random_features__gamma': 0.0013810679320049757, 'ridge_classification__alpha': 0.0001}, {'fourier_random_features__gamma': 0.0001220703125, 'ridge_classification__alpha': 0.0001}, {'fourier_random_features__gamma': 0.0001220703125, 'ridge_classification__alpha': 0.0031622776601683794}, {'fourier_random_features__gamma': 0.0013810679320049757, 'ridge_classification__alpha': 0.0031622776601683794}, {'fourier_random_features__gamma': 0.0001220703125, 'ridge_classification__alpha': 0.0001}, {'fourier_random_features__gamma': 0.0001220703125, 'ridge_classification__alpha': 0.0031622776601683794}, {'fourier_random_features__gamma': 0.0013810679320049757, 'ridge_classification__alpha': 0.1}, {'fourier_random_features__gamma': 0.015625, 'ridge_classification__alpha': 0.0001}, {'fourier_random_features__gamma': 0.015625, 'ridge_classification__alpha': 0.0001}, {'fourier_random_features__gamma': 0.0001220703125, 'ridge_classification__alpha': 0.0001}, {'fourier_random_features__gamma': 0.0013810679320049757, 'ridge_classification__alpha': 0.0001}, {'fourier_random_features__gamma': 0.0013810679320049757, 'ridge_classification__alpha': 0.1}, {'fourier_random_features__gamma': 0.015625, 'ridge_classification__alpha': 3.1622776601683795}, {'fourier_random_features__gamma': 0.0013810679320049757, 'ridge_classification__alpha': 0.1}, {'fourier_random_features__gamma': 0.0013810679320049757, 'ridge_classification__alpha': 0.0031622776601683794}, {'fourier_random_features__gamma': 0.0013810679320049757, 'ridge_classification__alpha': 0.0001}, {'fourier_random_features__gamma': 0.0001220703125, 'ridge_classification__alpha': 0.0031622776601683794}, {'fourier_random_features__gamma': 0.015625, 'ridge_classification__alpha': 0.0031622776601683794}, {'fourier_random_features__gamma': 0.015625, 'ridge_classification__alpha': 0.1}, {'fourier_random_features__gamma': 0.0013810679320049757, 'ridge_classification__alpha': 0.1}, {'fourier_random_features__gamma': 0.015625, 'ridge_classification__alpha': 3.1622776601683795}, {'fourier_random_features__gamma': 0.0001220703125, 'ridge_classification__alpha': 0.0031622776601683794}, {'fourier_random_features__gamma': 0.0013810679320049757, 'ridge_classification__alpha': 0.0001}, {'fourier_random_features__gamma': 0.015625, 'ridge_classification__alpha': 3.1622776601683795}, {'fourier_random_features__gamma': 0.0013810679320049757, 'ridge_classification__alpha': 0.0001}, {'fourier_random_features__gamma': 0.015625, 'ridge_classification__alpha': 0.1}, {'fourier_random_features__gamma': 0.0013810679320049757, 'ridge_classification__alpha': 0.0031622776601683794}, {'fourier_random_features__gamma': 0.0013810679320049757, 'ridge_classification__alpha': 0.0031622776601683794}, {'fourier_random_features__gamma': 0.015625, 'ridge_classification__alpha': 0.1}, {'fourier_random_features__gamma': 0.0001220703125, 'ridge_classification__alpha': 0.0001}, {'fourier_random_features__gamma': 0.0013810679320049757, 'ridge_classification__alpha': 0.0031622776601683794}, {'fourier_random_features__gamma': 0.015625, 'ridge_classification__alpha': 0.1}, {'fourier_random_features__gamma': 0.0013810679320049757, 'ridge_classification__alpha': 0.0031622776601683794}, {'fourier_random_features__gamma': 0.015625, 'ridge_classification__alpha': 3.1622776601683795}, {'fourier_random_features__gamma': 0.0013810679320049757, 'ridge_classification__alpha': 0.0001}, {'fourier_random_features__gamma': 0.0013810679320049757, 'ridge_classification__alpha': 0.0031622776601683794}, {'fourier_random_features__gamma': 0.0013810679320049757, 'ridge_classification__alpha': 0.0031622776601683794}, {'fourier_random_features__gamma': 0.0013810679320049757, 'ridge_classification__alpha': 0.0001}, {'fourier_random_features__gamma': 0.0013810679320049757, 'ridge_classification__alpha': 0.0031622776601683794}, {'fourier_random_features__gamma': 0.0001220703125, 'ridge_classification__alpha': 0.0001}, {'fourier_random_features__gamma': 0.015625, 'ridge_classification__alpha': 0.1}, {'fourier_random_features__gamma': 0.015625, 'ridge_classification__alpha': 0.0031622776601683794}, {'fourier_random_features__gamma': 0.0013810679320049757, 'ridge_classification__alpha': 0.0031622776601683794}, {'fourier_random_features__gamma': 0.0001220703125, 'ridge_classification__alpha': 0.0001}, {'fourier_random_features__gamma': 0.0013810679320049757, 'ridge_classification__alpha': 0.0001}, {'fourier_random_features__gamma': 0.0013810679320049757, 'ridge_classification__alpha': 0.0001}, {'fourier_random_features__gamma': 0.0013810679320049757, 'ridge_classification__alpha': 0.0001}, {'fourier_random_features__gamma': 0.0001220703125, 'ridge_classification__alpha': 0.0001}, {'fourier_random_features__gamma': 0.015625, 'ridge_classification__alpha': 0.1}, {'fourier_random_features__gamma': 0.015625, 'ridge_classification__alpha': 3.1622776601683795}, {'fourier_random_features__gamma': 0.015625, 'ridge_classification__alpha': 0.1}, {'fourier_random_features__gamma': 0.0001220703125, 'ridge_classification__alpha': 0.0001}, {'fourier_random_features__gamma': 0.0013810679320049757, 'ridge_classification__alpha': 0.0001}, {'fourier_random_features__gamma': 0.0013810679320049757, 'ridge_classification__alpha': 0.1}, {'fourier_random_features__gamma': 0.0013810679320049757, 'ridge_classification__alpha': 0.0031622776601683794}, {'fourier_random_features__gamma': 0.0001220703125, 'ridge_classification__alpha': 0.0001}, {'fourier_random_features__gamma': 0.0013810679320049757, 'ridge_classification__alpha': 0.0031622776601683794}, {'fourier_random_features__gamma': 0.015625, 'ridge_classification__alpha': 0.1}, {'fourier_random_features__gamma': 0.015625, 'ridge_classification__alpha': 0.1}, {'fourier_random_features__gamma': 0.0013810679320049757, 'ridge_classification__alpha': 0.1}, {'fourier_random_features__gamma': 0.0013810679320049757, 'ridge_classification__alpha': 0.0031622776601683794}, {'fourier_random_features__gamma': 0.0013810679320049757, 'ridge_classification__alpha': 0.1}, {'fourier_random_features__gamma': 0.0013810679320049757, 'ridge_classification__alpha': 0.0031622776601683794}, {'fourier_random_features__gamma': 0.0001220703125, 'ridge_classification__alpha': 0.0001}], 'Best Score in CV': [0.7482458770614693, 0.7690554722638681, 0.7777661169415292, 0.7620539730134933, 0.7691004497751125, 0.7812893553223389, 0.7917091454272864, 0.7656071964017991, 0.7656971514242878, 0.7830134932533734, 0.800344827586207, 0.7586356821589206, 0.7673463268365818, 0.7881859070464767, 0.8038230884557722, 0.765607196401799, 0.7656371814092954, 0.784767616191904, 0.8055472263868066, 0.7638380809595203, 0.7673763118440778, 0.7795052473763118, 0.8073163418290855, 0.7620989505247376, 0.7674062968515742, 0.7812893553223388, 0.8090254872563719, 0.7621139430284857, 0.7691454272863568, 0.7795052473763118, 0.8142278860569714, 0.7620989505247376, 0.7743328335832084, 0.7829685157421289, 0.8107796101949025, 0.7621439280359821, 0.767376311844078, 0.7830134932533734, 0.803823088455772, 0.7620839580209895, 0.7656371814092953, 0.7812593703148425, 0.8038230884557722, 0.7673163418290855, 0.7673463268365815, 0.7812893553223389, 0.8038380809595204, 0.7655472263868066, 0.7656371814092953, 0.7812293853073464, 0.8020989505247377, 0.7655622188905546, 0.7673463268365815, 0.782968515742129, 0.803808095952024, 0.7586206896551725, 0.7639130434782608, 0.7795502248875563, 0.8073313343328336, 0.7603748125937033, 0.7656371814092953, 0.7812443778110945, 0.8090104947526238, 0.7638380809595203], 'cv_mean_test_score': [0.7482458770614693, 0.7690554722638681, 0.7777661169415292, 0.7620539730134933, 0.7691004497751125, 0.7812893553223389, 0.7917091454272864, 0.7656071964017991, 0.7656971514242878, 0.7830134932533734, 0.800344827586207, 0.7586356821589206, 0.7673463268365818, 0.7881859070464767, 0.8038230884557722, 0.765607196401799, 0.7656371814092954, 0.784767616191904, 0.8055472263868066, 0.7638380809595203, 0.7673763118440778, 0.7795052473763118, 0.8073163418290855, 0.7620989505247376, 0.7674062968515742, 0.7812893553223388, 0.8090254872563719, 0.7621139430284857, 0.7691454272863568, 0.7795052473763118, 0.8142278860569714, 0.7620989505247376, 0.7743328335832084, 0.7829685157421289, 0.8107796101949025, 0.7621439280359821, 0.767376311844078, 0.7830134932533734, 0.803823088455772, 0.7620839580209895, 0.7656371814092953, 0.7812593703148425, 0.8038230884557722, 0.7673163418290855, 0.7673463268365815, 0.7812893553223389, 0.8038380809595204, 0.7655472263868066, 0.7656371814092953, 0.7812293853073464, 0.8020989505247377, 0.7655622188905546, 0.7673463268365815, 0.782968515742129, 0.803808095952024, 0.7586206896551725, 0.7639130434782608, 0.7795502248875563, 0.8073313343328336, 0.7603748125937033, 0.7656371814092953, 0.7812443778110945, 0.8090104947526238, 0.7638380809595203], 'cv_std_test_score': [0.04675146365859509, 0.03776559020638252, 0.04179267920710138, 0.041801305171593306, 0.03501166629523702, 0.03719765568547441, 0.03126731856712882, 0.034452447403995744, 0.023105661534289904, 0.028340971904802777, 0.027506713572392167, 0.02858848359532858, 0.039505221772407194, 0.02733251446330045, 0.030390733331533852, 0.038983000727697656, 0.03243463167151742, 0.04489884174489882, 0.029457732856339406, 0.033937200510474, 0.02139459177013788, 0.027335228158876373, 0.03929230622780964, 0.040533519746444535, 0.028892169075318063, 0.040692472383992005, 0.03254283790547443, 0.03612028652616829, 0.03878979988685932, 0.0367713153468197, 0.029455306279653672, 0.042713472150910856, 0.03986386928840875, 0.031219217107789517, 0.031677865489427214, 0.0314560450447835, 0.03569823129640148, 0.05175371468218343, 0.03414033751976357, 0.04241772255787911, 0.035971812648266314, 0.03218133159127331, 0.03501505589524483, 0.0364788289609384, 0.027825763840340828, 0.045599536866158516, 0.025398133269202015, 0.041507569080704264, 0.026819808315057276, 0.03463682419740759, 0.03441934067954285, 0.038026487147405516, 0.027825763840340828, 0.03487987228127804, 0.034664224945998315, 0.03973573551088796, 0.03688227836599738, 0.053602392346150496, 0.028478828163839568, 0.03261920938918689, 0.03880324125695005, 0.02934015746291833, 0.037378822538057244, 0.041184426898304705], 'cv_mean_fit_time': [0.001165008544921875, 0.0010817527770996093, 0.0010364532470703125, 0.0010427474975585938, 0.0012954235076904296, 0.0011260986328125, 0.001107168197631836, 0.0010799407958984376, 0.0012488365173339844, 0.005626249313354492, 0.0058863162994384766, 0.008051395416259766, 0.005756998062133789, 0.0011823654174804687, 0.004446840286254883, 0.0045067787170410155, 0.008360576629638673, 0.01732335090637207, 0.005690860748291016, 0.004365015029907227, 0.009305715560913086, 0.07499208450317382, 0.008702850341796875, 0.001505422592163086, 0.004952478408813477, 0.007524633407592773, 0.021678447723388672, 0.0014760494232177734, 0.008503866195678712, 0.06189322471618652, 0.007664203643798828, 0.006468725204467773, 0.01657109260559082, 0.0033526897430419924, 0.012065315246582031, 0.008051872253417969, 0.014005088806152343, 0.0064586162567138675, 0.003011178970336914, 0.0494084358215332, 0.011636590957641602, 0.009749269485473633, 0.005437374114990234, 0.08903050422668457, 0.003609180450439453, 0.013768815994262695, 0.0208282470703125, 0.016538619995117188, 0.008943796157836914, 0.01186838150024414, 0.007769250869750976, 0.011868524551391601, 0.015744543075561522, 0.029087591171264648, 0.014220952987670898, 0.005682373046875, 0.018297290802001952, 0.007402992248535157, 0.006545448303222656, 0.01985321044921875, 0.031370925903320315, 0.018756771087646486, 0.015264272689819336, 0.00800943374633789], 'cv_std_fit_time': [0.00013708936441865466, 7.820571328678306e-05, 9.142255468591911e-05, 0.00012107595000577881, 0.00015380955936586692, 6.2077056016909e-05, 0.0001092162591845728, 6.800416771978336e-05, 9.26775676166475e-05, 0.006892073295721427, 0.007324790091010793, 0.005997751398700887, 0.008235301434395012, 4.153122992991939e-05, 0.004729537288083097, 0.006148299750669664, 0.005235619482617804, 0.017823737870743633, 0.006166160478157343, 0.00487268317692018, 0.0032489593793843543, 0.059335807834475646, 0.00722147487955791, 9.562046338890011e-05, 0.003809740930821518, 0.0009481304032994833, 0.017466591311129917, 0.00013169772715003545, 0.006302270240375081, 0.028853355901588745, 0.005408529243148417, 0.00966868646379989, 0.015111098131250824, 0.001729944807571592, 0.011144083691487602, 0.0056081401174677544, 0.010984283794124236, 0.005007680120391535, 0.0015851658624722678, 0.031190681072764147, 0.012531773494178671, 0.010547607510429694, 0.0049525329896809404, 0.06100447535578695, 0.003371926096639411, 0.009664711602882278, 0.03650913328910286, 0.01336205377485434, 0.006578470957889854, 0.007228070286413983, 0.008239495166240448, 0.0038404890563201025, 0.01149453190594734, 0.019938055639959658, 0.010047101761871199, 0.004308488532637756, 0.019494049709011453, 0.006267916522469982, 0.0035157267364647076, 0.010007028301061234, 0.021557798009822486, 0.01867572032113623, 0.006779657095711518, 0.0023309402685837053]}
