
    --------------------
    'Model: Random Fourier features and SVC 
    	Dataset: Diabetes (classification) of shape (768, 8) 	CV: 5 	n_jobs: 5
    	 params: {'fourier_random_features__gamma': [0.0001220703125, 0.0008501470344688711, 0.005920767837931241, 0.0412346222116529, 0.2871745887492586, 2.0], 'svm__C': array([1.00000000e-04, 1.58489319e-03, 2.51188643e-02, 3.98107171e-01,
       6.30957344e+00, 1.00000000e+02])} 
    	 number of hyperparameter 36
    
        	 n components [7, 15, 30, 38, 53, 69, 76, 92, 99, 115, 130, 138, 153, 161, 176, 192]
        	 which correspond with the [1, 2, 4, 5, 7, 9, 10, 12, 13, 15, 17, 18, 20, 21, 23, 25] % of the data
        --------------------
        
{'percent': [1, 2, 4, 5, 7, 9, 10, 12, 13, 15, 17, 18, 20, 21, 23, 25], 'n_components': [7, 15, 30, 38, 53, 69, 76, 92, 99, 115, 130, 138, 153, 161, 176, 192], 'Mean Score in test': [0.7018229166666666, 0.7513020833333334, 0.7591145833333333, 0.7656250000000001, 0.7708333333333333, 0.7721354166666666, 0.7721354166666667, 0.7643229166666666, 0.7747395833333334, 0.7747395833333334, 0.7760416666666666, 0.7760416666666666, 0.7721354166666667, 0.7669270833333334, 0.7799479166666666, 0.7695312499999999], 'Std Score in test': [0.04959895040297113, 0.030229653037093497, 0.036528021195587325, 0.03664387312362054, 0.03294039229342062, 0.032811466584255586, 0.03762547728333305, 0.023401303067202374, 0.04300818897112956, 0.030229653037093476, 0.033954179193763784, 0.028047733370492198, 0.038866696761977355, 0.027405683827928653, 0.028852239330937942, 0.04188986443267035], 'Mean Training Time': [0.01168900728225708, 0.017946481704711914, 0.01600492000579834, 0.021940171718597412, 0.02748042345046997, 0.03362041711807251, 0.0346950888633728, 0.03794187307357788, 0.05135875940322876, 0.045645833015441895, 0.045876264572143555, 0.056877076625823975, 0.059287846088409424, 0.05582690238952637, 0.046894729137420654, 0.05099606513977051], 'Std Training Time': [0.002080299150934333, 0.007599875686070699, 0.006396098561255092, 0.005544182830121401, 0.001271743902719678, 0.00534464368931998, 0.007551786408146982, 0.007719566131289832, 0.03172690289800863, 0.004726673821564544, 0.02310688222783987, 0.007723678315602505, 0.02394226925558722, 0.018443729041278143, 0.009704889063671918, 0.016907241218219255], 'Mean Best Score in CV': [0.7426274362818591, 0.7673613193403299, 0.7768890554722638, 0.7803898050974514, 0.7738568215892054, 0.7743065967016491, 0.7768815592203899, 0.7760382308845577, 0.7747376311844079, 0.7773238380809595, 0.7781896551724138, 0.7760457271364318, 0.7755922038980511, 0.7794940029985007, 0.7769040479760121, 0.7764617691154423], 'Std Best Score in CV': [0.014409689054211989, 0.012950221516854663, 0.015474604453786654, 0.015195015343414135, 0.016270035324470824, 0.014165636740257316, 0.014956241754207423, 0.016258467819177388, 0.014970399747607971, 0.015166992486300832, 0.017482999542432116, 0.015873862940946417, 0.016816026227002887, 0.017887983947968724, 0.018007459054548907, 0.017163637388502007], 'cv_mean_test_score': [0.7426274362818591, 0.7673613193403299, 0.7768890554722638, 0.7803898050974514, 0.7738568215892054, 0.7743065967016491, 0.7768815592203899, 0.7760382308845577, 0.7747376311844079, 0.7773238380809595, 0.7781896551724138, 0.7760457271364318, 0.7755922038980511, 0.7794940029985007, 0.7769040479760121, 0.7764617691154423], 'cv_std_test_score': [0.037004456917653764, 0.03185988353198038, 0.03656999467722938, 0.03849174021834834, 0.03497593534244623, 0.03689874169547914, 0.03525092644313574, 0.033797118844594895, 0.04034959523988413, 0.02907485195851834, 0.033978268759439996, 0.03731685613942985, 0.0312604854863114, 0.03206401733923337, 0.036573513830185214, 0.03375084672255805], 'cv_mean_fit_time': [0.014255833625793458, 0.011934995651245117, 0.011587822437286377, 0.013319838047027587, 0.015343451499938964, 0.013994753360748293, 0.016802763938903807, 0.01887655258178711, 0.018971240520477294, 0.018459749221801755, 0.020717430114746097, 0.02175074815750122, 0.023952007293701172, 0.021675360202789304, 0.023099827766418456, 0.022949588298797608], 'cv_std_fit_time': [0.0023196944005599886, 0.0021436274462056223, 0.00148644535525197, 0.0014001758126697703, 0.0022511025923955554, 0.002166968638723721, 0.0017344861056889367, 0.002883925184311184, 0.0028550643982073417, 0.002353931951524205, 0.0022422560160857167, 0.0014242477061553998, 0.002327487112452512, 0.0034301589505085707, 0.0037891600836248494, 0.0042099333631326116]}
{'percent': [1, 1, 1, 1, 2, 2, 2, 2, 4, 4, 4, 4, 5, 5, 5, 5, 7, 7, 7, 7, 9, 9, 9, 9, 10, 10, 10, 10, 12, 12, 12, 12, 13, 13, 13, 13, 15, 15, 15, 15, 17, 17, 17, 17, 18, 18, 18, 18, 20, 20, 20, 20, 21, 21, 21, 21, 23, 23, 23, 23, 25, 25, 25, 25], 'n_components': [7, 7, 7, 7, 15, 15, 15, 15, 30, 30, 30, 30, 38, 38, 38, 38, 53, 53, 53, 53, 69, 69, 69, 69, 76, 76, 76, 76, 92, 92, 92, 92, 99, 99, 99, 99, 115, 115, 115, 115, 130, 130, 130, 130, 138, 138, 138, 138, 153, 153, 153, 153, 161, 161, 161, 161, 176, 176, 176, 176, 192, 192, 192, 192], 'Score in test': [0.6197916666666666, 0.7291666666666666, 0.7083333333333334, 0.75, 0.8020833333333334, 0.7447916666666666, 0.734375, 0.7239583333333334, 0.7916666666666666, 0.75, 0.703125, 0.7916666666666666, 0.78125, 0.7395833333333334, 0.7239583333333334, 0.8177083333333334, 0.7916666666666666, 0.75, 0.7291666666666666, 0.8125, 0.8072916666666666, 0.7604166666666666, 0.7239583333333334, 0.796875, 0.8125, 0.7552083333333334, 0.71875, 0.8020833333333334, 0.7760416666666666, 0.7447916666666666, 0.7395833333333334, 0.796875, 0.8177083333333334, 0.7552083333333334, 0.7135416666666666, 0.8125, 0.8072916666666666, 0.75, 0.7395833333333334, 0.8020833333333334, 0.8125, 0.7395833333333334, 0.7447916666666666, 0.8072916666666666, 0.7916666666666666, 0.7604166666666666, 0.7395833333333334, 0.8125, 0.8177083333333334, 0.7447916666666666, 0.7239583333333334, 0.8020833333333334, 0.78125, 0.7552083333333334, 0.7291666666666666, 0.8020833333333334, 0.8020833333333334, 0.7760416666666666, 0.734375, 0.8072916666666666, 0.8125, 0.7447916666666666, 0.7135416666666666, 0.8072916666666666], 'Training Time': [0.012386322021484375, 0.009361028671264648, 0.014748811721801758, 0.010259866714477539, 0.027187108993530273, 0.009638309478759766, 0.023652076721191406, 0.011308431625366211, 0.012506961822509766, 0.012400388717651367, 0.027079105377197266, 0.012033224105834961, 0.012633800506591797, 0.02363276481628418, 0.02724599838256836, 0.024248123168945312, 0.025838613510131836, 0.02673053741455078, 0.02909541130065918, 0.028257131576538086, 0.03683805465698242, 0.03354692459106445, 0.03908252716064453, 0.025014162063598633, 0.03349637985229492, 0.044020652770996094, 0.037935495376586914, 0.02332782745361328, 0.043587684631347656, 0.03286266326904297, 0.028157711029052734, 0.047159433364868164, 0.026211023330688477, 0.02626824378967285, 0.04906892776489258, 0.10388684272766113, 0.03769397735595703, 0.0501251220703125, 0.04724001884460449, 0.047524213790893555, 0.026253700256347656, 0.04680633544921875, 0.08328580856323242, 0.02715921401977539, 0.07023477554321289, 0.05311417579650879, 0.05203962326049805, 0.05211973190307617, 0.09694385528564453, 0.05222177505493164, 0.05735611915588379, 0.030629634857177734, 0.03780078887939453, 0.05533432960510254, 0.08587121963500977, 0.04430127143859863, 0.053377389907836914, 0.04434037208557129, 0.057589054107666016, 0.0322721004486084, 0.07965683937072754, 0.04589104652404785, 0.0361783504486084, 0.04225802421569824], 'Best Parameters': [{'fourier_random_features__gamma': 0.0412346222116529, 'svm__C': 100.0}, {'fourier_random_features__gamma': 0.005920767837931241, 'svm__C': 6.30957344480193}, {'fourier_random_features__gamma': 0.0008501470344688711, 'svm__C': 100.0}, {'fourier_random_features__gamma': 0.0008501470344688711, 'svm__C': 100.0}, {'fourier_random_features__gamma': 0.005920767837931241, 'svm__C': 100.0}, {'fourier_random_features__gamma': 0.005920767837931241, 'svm__C': 6.30957344480193}, {'fourier_random_features__gamma': 0.0008501470344688711, 'svm__C': 100.0}, {'fourier_random_features__gamma': 0.0008501470344688711, 'svm__C': 6.30957344480193}, {'fourier_random_features__gamma': 0.005920767837931241, 'svm__C': 6.30957344480193}, {'fourier_random_features__gamma': 0.005920767837931241, 'svm__C': 6.30957344480193}, {'fourier_random_features__gamma': 0.005920767837931241, 'svm__C': 100.0}, {'fourier_random_features__gamma': 0.0001220703125, 'svm__C': 100.0}, {'fourier_random_features__gamma': 0.0412346222116529, 'svm__C': 6.30957344480193}, {'fourier_random_features__gamma': 0.0412346222116529, 'svm__C': 0.3981071705534969}, {'fourier_random_features__gamma': 0.005920767837931241, 'svm__C': 100.0}, {'fourier_random_features__gamma': 0.0412346222116529, 'svm__C': 0.3981071705534969}, {'fourier_random_features__gamma': 0.0412346222116529, 'svm__C': 6.30957344480193}, {'fourier_random_features__gamma': 0.0008501470344688711, 'svm__C': 100.0}, {'fourier_random_features__gamma': 0.005920767837931241, 'svm__C': 100.0}, {'fourier_random_features__gamma': 0.005920767837931241, 'svm__C': 6.30957344480193}, {'fourier_random_features__gamma': 0.005920767837931241, 'svm__C': 6.30957344480193}, {'fourier_random_features__gamma': 0.005920767837931241, 'svm__C': 6.30957344480193}, {'fourier_random_features__gamma': 0.0001220703125, 'svm__C': 100.0}, {'fourier_random_features__gamma': 0.0008501470344688711, 'svm__C': 6.30957344480193}, {'fourier_random_features__gamma': 0.0008501470344688711, 'svm__C': 100.0}, {'fourier_random_features__gamma': 0.0001220703125, 'svm__C': 100.0}, {'fourier_random_features__gamma': 0.005920767837931241, 'svm__C': 6.30957344480193}, {'fourier_random_features__gamma': 0.005920767837931241, 'svm__C': 6.30957344480193}, {'fourier_random_features__gamma': 0.0412346222116529, 'svm__C': 0.3981071705534969}, {'fourier_random_features__gamma': 0.0412346222116529, 'svm__C': 0.3981071705534969}, {'fourier_random_features__gamma': 0.005920767837931241, 'svm__C': 100.0}, {'fourier_random_features__gamma': 0.0008501470344688711, 'svm__C': 6.30957344480193}, {'fourier_random_features__gamma': 0.0008501470344688711, 'svm__C': 100.0}, {'fourier_random_features__gamma': 0.0412346222116529, 'svm__C': 0.3981071705534969}, {'fourier_random_features__gamma': 0.005920767837931241, 'svm__C': 100.0}, {'fourier_random_features__gamma': 0.0008501470344688711, 'svm__C': 6.30957344480193}, {'fourier_random_features__gamma': 0.0412346222116529, 'svm__C': 0.3981071705534969}, {'fourier_random_features__gamma': 0.0001220703125, 'svm__C': 100.0}, {'fourier_random_features__gamma': 0.0412346222116529, 'svm__C': 0.3981071705534969}, {'fourier_random_features__gamma': 0.0008501470344688711, 'svm__C': 6.30957344480193}, {'fourier_random_features__gamma': 0.0008501470344688711, 'svm__C': 100.0}, {'fourier_random_features__gamma': 0.0001220703125, 'svm__C': 100.0}, {'fourier_random_features__gamma': 0.0412346222116529, 'svm__C': 0.3981071705534969}, {'fourier_random_features__gamma': 0.0008501470344688711, 'svm__C': 6.30957344480193}, {'fourier_random_features__gamma': 0.0412346222116529, 'svm__C': 6.30957344480193}, {'fourier_random_features__gamma': 0.0412346222116529, 'svm__C': 0.3981071705534969}, {'fourier_random_features__gamma': 0.0412346222116529, 'svm__C': 6.30957344480193}, {'fourier_random_features__gamma': 0.0001220703125, 'svm__C': 100.0}, {'fourier_random_features__gamma': 0.0008501470344688711, 'svm__C': 100.0}, {'fourier_random_features__gamma': 0.0001220703125, 'svm__C': 100.0}, {'fourier_random_features__gamma': 0.005920767837931241, 'svm__C': 100.0}, {'fourier_random_features__gamma': 0.0001220703125, 'svm__C': 100.0}, {'fourier_random_features__gamma': 0.005920767837931241, 'svm__C': 100.0}, {'fourier_random_features__gamma': 0.0001220703125, 'svm__C': 100.0}, {'fourier_random_features__gamma': 0.0412346222116529, 'svm__C': 0.3981071705534969}, {'fourier_random_features__gamma': 0.0001220703125, 'svm__C': 100.0}, {'fourier_random_features__gamma': 0.0008501470344688711, 'svm__C': 6.30957344480193}, {'fourier_random_features__gamma': 0.0412346222116529, 'svm__C': 0.3981071705534969}, {'fourier_random_features__gamma': 0.0412346222116529, 'svm__C': 6.30957344480193}, {'fourier_random_features__gamma': 0.0001220703125, 'svm__C': 100.0}, {'fourier_random_features__gamma': 0.0008501470344688711, 'svm__C': 100.0}, {'fourier_random_features__gamma': 0.0001220703125, 'svm__C': 100.0}, {'fourier_random_features__gamma': 0.005920767837931241, 'svm__C': 100.0}, {'fourier_random_features__gamma': 0.005920767837931241, 'svm__C': 6.30957344480193}], 'Best Score in CV': [0.7343178410794602, 0.7640179910044977, 0.746536731634183, 0.7256371814092953, 0.7586956521739131, 0.7742728635682159, 0.7847676161919042, 0.7517091454272864, 0.7621439280359821, 0.7812293853073463, 0.8003598200899551, 0.7638230884557721, 0.765712143928036, 0.7898950524737632, 0.800359820089955, 0.7655922038980509, 0.7587106446776611, 0.786431784107946, 0.7934182908545727, 0.7568665667166417, 0.762143928035982, 0.7795352323838081, 0.7951424287856073, 0.7604047976011994, 0.7621439280359821, 0.7881559220389805, 0.795112443778111, 0.7621139430284858, 0.7621589205397302, 0.7812443778110945, 0.8003748125937031, 0.7603748125937033, 0.7603898050974512, 0.7830434782608696, 0.7951274362818591, 0.7603898050974512, 0.7690704647676162, 0.7881559220389805, 0.7951574212893553, 0.756911544227886, 0.7638530734632684, 0.7847376311844079, 0.803808095952024, 0.760359820089955, 0.763928035982009, 0.7829985007496252, 0.7986206896551724, 0.7586356821589204, 0.7638830584707647, 0.7812143928035983, 0.8003598200899551, 0.7569115442278861, 0.7725787106446778, 0.786416791604198, 0.8038230884557722, 0.7551574212893553, 0.7621289355322338, 0.7882308845577213, 0.8003598200899551, 0.756896551724138, 0.7638830584707647, 0.7847226386806597, 0.8003298350824588, 0.7569115442278861], 'cv_mean_test_score': [0.7343178410794602, 0.7640179910044977, 0.746536731634183, 0.7256371814092953, 0.7586956521739131, 0.7742728635682159, 0.7847676161919042, 0.7517091454272864, 0.7621439280359821, 0.7812293853073463, 0.8003598200899551, 0.7638230884557721, 0.765712143928036, 0.7898950524737632, 0.800359820089955, 0.7655922038980509, 0.7587106446776611, 0.786431784107946, 0.7934182908545727, 0.7568665667166417, 0.762143928035982, 0.7795352323838081, 0.7951424287856073, 0.7604047976011994, 0.7621439280359821, 0.7881559220389805, 0.795112443778111, 0.7621139430284858, 0.7621589205397302, 0.7812443778110945, 0.8003748125937031, 0.7603748125937033, 0.7603898050974512, 0.7830434782608696, 0.7951274362818591, 0.7603898050974512, 0.7690704647676162, 0.7881559220389805, 0.7951574212893553, 0.756911544227886, 0.7638530734632684, 0.7847376311844079, 0.803808095952024, 0.760359820089955, 0.763928035982009, 0.7829985007496252, 0.7986206896551724, 0.7586356821589204, 0.7638830584707647, 0.7812143928035983, 0.8003598200899551, 0.7569115442278861, 0.7725787106446778, 0.786416791604198, 0.8038230884557722, 0.7551574212893553, 0.7621289355322338, 0.7882308845577213, 0.8003598200899551, 0.756896551724138, 0.7638830584707647, 0.7847226386806597, 0.8003298350824588, 0.7569115442278861], 'cv_std_test_score': [0.034106295164094545, 0.04624500907649708, 0.03935965993087871, 0.028306863499144703, 0.047667721995359125, 0.029835549558246025, 0.022441449495072673, 0.027494813079243712, 0.03509200398088458, 0.04028833632912037, 0.02447805292769629, 0.046421585471216276, 0.032687082884545575, 0.039594018762392165, 0.04627859285259809, 0.03540726637385754, 0.031524725902134516, 0.03518590829217881, 0.03166934956012696, 0.041523757615344624, 0.03421925262203541, 0.03820124082233369, 0.044180199433745085, 0.030994273903802362, 0.03509200398088458, 0.03348427277361256, 0.03846500323199313, 0.03396242578605268, 0.0398403156668578, 0.031334131976429896, 0.03139481834590498, 0.03261920938918689, 0.04364445308976756, 0.046021282164866936, 0.028436080727838875, 0.04329656497706314, 0.025180426676268384, 0.03437568932489112, 0.020069335342366507, 0.036673956490547346, 0.041115896687417004, 0.030695100183537917, 0.030486009428587507, 0.033616068738217555, 0.04354867895171678, 0.0338107519475832, 0.030744562699075877, 0.04116343095934356, 0.03625918976584163, 0.03292975038544078, 0.020437724799494465, 0.03541527699446871, 0.03355911804625318, 0.03164428524822345, 0.027791508396793563, 0.0352611576656633, 0.032967366910433914, 0.036070293991383645, 0.035133114801571476, 0.042123279617351815, 0.04169135757158206, 0.03663563013055169, 0.023464757989031124, 0.03321164119906731], 'cv_mean_fit_time': [0.02553534507751465, 0.009549522399902343, 0.011465024948120118, 0.01047344207763672, 0.01528935432434082, 0.00872659683227539, 0.011531305313110352, 0.012192726135253906, 0.01021418571472168, 0.014225578308105469, 0.01175241470336914, 0.010159111022949219, 0.01551504135131836, 0.012776756286621093, 0.01624264717102051, 0.008744907379150391, 0.014340448379516601, 0.014291524887084961, 0.01781015396118164, 0.014931678771972656, 0.012319421768188477, 0.012903881072998048, 0.01541762351989746, 0.01533808708190918, 0.015867185592651368, 0.01781177520751953, 0.014818429946899414, 0.018713665008544923, 0.017502737045288087, 0.014733505249023438, 0.022011661529541017, 0.0212583065032959, 0.015296506881713866, 0.018912792205810547, 0.020963668823242188, 0.020711994171142577, 0.013833904266357422, 0.019420433044433593, 0.020741081237792967, 0.019843578338623047, 0.018293237686157225, 0.020213556289672852, 0.02158355712890625, 0.022779369354248048, 0.01894969940185547, 0.02365250587463379, 0.022852468490600585, 0.02154831886291504, 0.02502889633178711, 0.021497535705566406, 0.026856708526611327, 0.022424888610839844, 0.02573561668395996, 0.02057185173034668, 0.018489360809326172, 0.021904611587524415, 0.024503040313720702, 0.02120232582092285, 0.02479548454284668, 0.021898460388183594, 0.0246457576751709, 0.024352455139160158, 0.022361230850219727, 0.02043890953063965], 'cv_std_fit_time': [0.005416278939073351, 0.0015267180177047936, 0.00027242731365220447, 0.0020633533318096054, 0.001055256310806275, 0.0019116126439355703, 0.0019389701335649483, 0.003668670696515695, 0.0018993526918039897, 0.0003786064095031265, 0.0016824517669380525, 0.0019853705527627112, 0.0005492296705049571, 0.0015959190864119125, 0.0031961121591409293, 0.00025944233462128194, 0.004219659703030074, 0.0013962206694301633, 0.002998239351143193, 0.00039029064597879043, 0.0022280947615577512, 0.0030308853945357115, 0.001536086617049975, 0.0018728077817514461, 0.002517352646442932, 0.0010658787511927917, 0.003106925826610133, 0.0002477871985098897, 0.002595668299808037, 0.0027968650273358666, 0.00229960211682821, 0.0038435652932726216, 0.0028920059148840123, 0.0004235939087756354, 0.006382488256747567, 0.0017221695124221528, 0.0006237788183463327, 0.004144022657447457, 0.0008261328595802277, 0.0038217934707228023, 0.002827338961277731, 0.0022561903263171768, 0.0007935049570951017, 0.003091989819652857, 0.0018198719464254923, 0.0005995129187054008, 0.0015794279098625794, 0.0016981780496281263, 0.001255736921295788, 0.0031317192891319227, 0.0012792060185549598, 0.003643286220827377, 0.004010202975391436, 0.0022484431945874526, 0.003181591073298689, 0.004280398558756705, 0.00552947307214498, 0.003409527682301593, 0.002206176319316127, 0.004011463260736698, 0.005155030599482619, 0.003243732494450364, 0.004148256976433697, 0.004292713382163766]}
