
    --------------------
    'Model: Nystrom and SVC 
    	Dataset: Diabetes (classification) of shape (768, 8) 	CV: 5 	n_jobs: 8
    	 params: {'nystroem__gamma': array([1.22070312e-04, 1.38106793e-03, 1.56250000e-02, 1.76776695e-01,
       2.00000000e+00]), 'svm__C': array([1.00000000e-04, 3.16227766e-03, 1.00000000e-01, 3.16227766e+00,
       1.00000000e+02])} 
    	 number of hyperparameter 25
    
        	 n components [7, 15, 23, 30, 38, 46, 53, 61, 69, 76, 84, 92, 99, 107, 115, 122, 130, 138, 145, 153]
        	 which correspond with the [1, 2, 3, 4, 5, 6, 7, 8, 9, 10, 11, 12, 13, 14, 15, 16, 17, 18, 19, 20] % of the data
        --------------------
        
{'percent': [1, 2, 3, 4, 5, 6, 7, 8, 9, 10, 11, 12, 13, 14, 15, 16, 17, 18, 19, 20], 'n_components': [7, 15, 23, 30, 38, 46, 53, 61, 69, 76, 84, 92, 99, 107, 115, 122, 130, 138, 145, 153], 'Mean Score in test': [0.77734375, 0.765625, 0.7721354166666666, 0.7643229166666667, 0.7708333333333333, 0.7682291666666666, 0.7630208333333334, 0.76953125, 0.7734375, 0.76953125, 0.7721354166666666, 0.7721354166666666, 0.7721354166666666, 0.7734374999999999, 0.7708333333333333, 0.7747395833333333, 0.7682291666666666, 0.7721354166666666, 0.7721354166666666, 0.7734374999999999], 'Std Score in test': [0.04620102864377648, 0.03395417919376381, 0.04156481692581347, 0.03596673780451337, 0.03231685845310119, 0.03692043458009851, 0.04302789490067266, 0.03634188993998141, 0.04207160005573831, 0.03726325005534944, 0.04285021529141755, 0.033829117335329645, 0.033829117335329645, 0.0380065612482459, 0.04017512661599352, 0.039729547662480116, 0.03692043458009851, 0.033829117335329645, 0.033829117335329645, 0.0380065612482459], 'Mean Training Time': [0.0011570453643798828, 0.0013599395751953125, 0.0021485090255737305, 0.0018772482872009277, 0.0025774240493774414, 0.00337904691696167, 0.0032421350479125977, 0.0037062764167785645, 0.004833221435546875, 0.00545954704284668, 0.006226718425750732, 0.0059680938720703125, 0.006684720516204834, 0.010514974594116211, 0.011277973651885986, 0.0118674635887146, 0.010587990283966064, 0.013164222240447998, 0.012733936309814453, 0.01583230495452881], 'Std Training Time': [9.507536869438888e-05, 0.00011346607952561285, 0.00023624276707315446, 0.0002468428837367048, 0.000303439349506524, 0.0011681144908859684, 0.0002452797978603867, 0.0003893208359614615, 0.0004941483451749856, 0.0009146617824832348, 0.0009205659715188836, 0.0006122072655221061, 0.0011279548755912135, 0.003555740114341673, 0.002626274836928452, 0.004031743773185974, 0.0011412643318271293, 0.0011594504891315283, 0.0013230176714624994, 0.003118371096641862], 'Mean Best Score in CV': [0.7665067466266866, 0.77428035982009, 0.778215892053973, 0.7764730134932533, 0.7773350824587706, 0.7773313343328336, 0.7782083958020989, 0.7773313343328336, 0.7773350824587706, 0.7786469265367315, 0.7786319340329836, 0.7777736131934032, 0.7777736131934032, 0.7773350824587707, 0.7773238380809595, 0.7768965517241379, 0.7764617691154423, 0.7769040479760119, 0.7764692653673162, 0.7773275862068966], 'Std Best Score in CV': [0.008933884415844634, 0.010210668314959905, 0.01658542635459051, 0.01681225095703467, 0.018149453357598818, 0.01814900324631038, 0.019507040690026758, 0.018143627365778008, 0.017003103448612934, 0.018970507296073896, 0.0184047452537649, 0.018218015868194864, 0.017672055670549167, 0.0169977519509264, 0.01584550373107494, 0.01632332212027459, 0.016810224068133928, 0.01747733239765081, 0.016811586217887923, 0.01699677997255458], 'cv_mean_test_score': [0.7665067466266866, 0.77428035982009, 0.778215892053973, 0.7764730134932533, 0.7773350824587706, 0.7773313343328336, 0.7782083958020989, 0.7773313343328336, 0.7773350824587706, 0.7786469265367315, 0.7786319340329836, 0.7777736131934032, 0.7777736131934032, 0.7773350824587707, 0.7773238380809595, 0.7768965517241379, 0.7764617691154423, 0.7769040479760119, 0.7764692653673162, 0.7773275862068966], 'cv_std_test_score': [0.031830282484949374, 0.031853336893043836, 0.03748036140870885, 0.03536515879771032, 0.03892015328012071, 0.0350504230711598, 0.03512754801889505, 0.03760630292872217, 0.04183964033728928, 0.040576829283368976, 0.04010844902608645, 0.04114220198442263, 0.042096033747771294, 0.043394940057216044, 0.037597244539553085, 0.04277694825548872, 0.03572422327427767, 0.04192541910794839, 0.04158497074615225, 0.03987165740526694], 'cv_mean_fit_time': [0.0008664727210998535, 0.001097548007965088, 0.0016210317611694335, 0.0014213204383850097, 0.0017260313034057615, 0.0022252559661865234, 0.002415776252746582, 0.002916824817657471, 0.0035239219665527347, 0.003586125373840332, 0.0042094230651855465, 0.004659593105316162, 0.00504230260848999, 0.005914378166198731, 0.0062875509262084964, 0.007034385204315185, 0.007028627395629884, 0.007956624031066895, 0.008463680744171143, 0.009172010421752929], 'cv_std_fit_time': [7.408717482076374e-05, 7.267244469909731e-05, 0.000263627493583901, 9.280844834399089e-05, 0.00010383571569176167, 0.0001300133009839396, 0.00013958740756645573, 0.0006633594623806039, 0.00023513647334840723, 0.00014549768881090333, 0.00023671522594281776, 0.00028410894457410143, 0.00033967139656154114, 0.00023468966669595268, 0.0003867998612316905, 0.0005122436545717265, 0.00022479191923957312, 0.00036918748616599314, 0.0003910281309805549, 0.00054064185896237]}
{'percent': [1, 1, 1, 1, 2, 2, 2, 2, 3, 3, 3, 3, 4, 4, 4, 4, 5, 5, 5, 5, 6, 6, 6, 6, 7, 7, 7, 7, 8, 8, 8, 8, 9, 9, 9, 9, 10, 10, 10, 10, 11, 11, 11, 11, 12, 12, 12, 12, 13, 13, 13, 13, 14, 14, 14, 14, 15, 15, 15, 15, 16, 16, 16, 16, 17, 17, 17, 17, 18, 18, 18, 18, 19, 19, 19, 19, 20, 20, 20, 20], 'n_components': [7, 7, 7, 7, 15, 15, 15, 15, 23, 23, 23, 23, 30, 30, 30, 30, 38, 38, 38, 38, 46, 46, 46, 46, 53, 53, 53, 53, 61, 61, 61, 61, 69, 69, 69, 69, 76, 76, 76, 76, 84, 84, 84, 84, 92, 92, 92, 92, 99, 99, 99, 99, 107, 107, 107, 107, 115, 115, 115, 115, 122, 122, 122, 122, 130, 130, 130, 130, 138, 138, 138, 138, 145, 145, 145, 145, 153, 153, 153, 153], 'Score in test': [0.8020833333333334, 0.75, 0.71875, 0.8385416666666666, 0.796875, 0.734375, 0.7291666666666666, 0.8020833333333334, 0.7864583333333334, 0.7604166666666666, 0.7135416666666666, 0.828125, 0.796875, 0.7395833333333334, 0.71875, 0.8020833333333334, 0.796875, 0.75, 0.7291666666666666, 0.8072916666666666, 0.796875, 0.734375, 0.7291666666666666, 0.8125, 0.796875, 0.734375, 0.7083333333333334, 0.8125, 0.796875, 0.7447916666666666, 0.7239583333333334, 0.8125, 0.796875, 0.75, 0.71875, 0.828125, 0.796875, 0.75, 0.71875, 0.8125, 0.796875, 0.7447916666666666, 0.71875, 0.828125, 0.796875, 0.75, 0.7291666666666666, 0.8125, 0.796875, 0.75, 0.7291666666666666, 0.8125, 0.796875, 0.7447916666666666, 0.7291666666666666, 0.8229166666666666, 0.796875, 0.734375, 0.7291666666666666, 0.8229166666666666, 0.796875, 0.7447916666666666, 0.7291666666666666, 0.828125, 0.796875, 0.734375, 0.7291666666666666, 0.8125, 0.796875, 0.75, 0.7291666666666666, 0.8125, 0.796875, 0.75, 0.7291666666666666, 0.8125, 0.796875, 0.7447916666666666, 0.7291666666666666, 0.8229166666666666], 'Training Time': [0.0012700557708740234, 0.0011091232299804688, 0.0012218952178955078, 0.0010271072387695312, 0.001374959945678711, 0.0012087821960449219, 0.00152587890625, 0.0013301372528076172, 0.0020711421966552734, 0.0017960071563720703, 0.002380847930908203, 0.002346038818359375, 0.0019519329071044922, 0.0015671253204345703, 0.0022339820861816406, 0.0017559528350830078, 0.0021970272064208984, 0.0025467872619628906, 0.0025200843811035156, 0.003045797348022461, 0.0026941299438476562, 0.0026891231536865234, 0.005402088165283203, 0.002730846405029297, 0.002919912338256836, 0.003120899200439453, 0.0035729408264160156, 0.003354787826538086, 0.003907680511474609, 0.0030372142791748047, 0.004006147384643555, 0.003874063491821289, 0.003998994827270508, 0.004930973052978516, 0.005206108093261719, 0.005196809768676758, 0.004386186599731445, 0.006868839263916016, 0.005567073822021484, 0.0050160884857177734, 0.007765054702758789, 0.005666017532348633, 0.0053980350494384766, 0.006077766418457031, 0.005375862121582031, 0.006056308746337891, 0.00693202018737793, 0.0055081844329833984, 0.005445241928100586, 0.007218837738037109, 0.008265972137451172, 0.005808830261230469, 0.008974790573120117, 0.0077359676361083984, 0.016621112823486328, 0.00872802734375, 0.011689901351928711, 0.007687807083129883, 0.015044212341308594, 0.010689973831176758, 0.008054018020629883, 0.010342836380004883, 0.01865386962890625, 0.010419130325317383, 0.009278297424316406, 0.009676694869995117, 0.012012958526611328, 0.011384010314941406, 0.014754056930541992, 0.013052940368652344, 0.013358831405639648, 0.011491060256958008, 0.01151895523071289, 0.014400005340576172, 0.013659000396728516, 0.011357784271240234, 0.015766143798828125, 0.011502981185913086, 0.02032017707824707, 0.015739917755126953], 'Best Parameters': [{'nystroem__gamma': 0.0013810679320049757, 'svm__C': 100.0}, {'nystroem__gamma': 0.015625, 'svm__C': 100.0}, {'nystroem__gamma': 0.0001220703125, 'svm__C': 100.0}, {'nystroem__gamma': 0.015625, 'svm__C': 100.0}, {'nystroem__gamma': 0.0001220703125, 'svm__C': 100.0}, {'nystroem__gamma': 0.0001220703125, 'svm__C': 100.0}, {'nystroem__gamma': 0.0013810679320049757, 'svm__C': 100.0}, {'nystroem__gamma': 0.015625, 'svm__C': 100.0}, {'nystroem__gamma': 0.015625, 'svm__C': 100.0}, {'nystroem__gamma': 0.015625, 'svm__C': 3.1622776601683795}, {'nystroem__gamma': 0.015625, 'svm__C': 100.0}, {'nystroem__gamma': 0.0013810679320049757, 'svm__C': 100.0}, {'nystroem__gamma': 0.0001220703125, 'svm__C': 100.0}, {'nystroem__gamma': 0.015625, 'svm__C': 0.1}, {'nystroem__gamma': 0.015625, 'svm__C': 3.1622776601683795}, {'nystroem__gamma': 0.015625, 'svm__C': 0.1}, {'nystroem__gamma': 0.0001220703125, 'svm__C': 100.0}, {'nystroem__gamma': 0.015625, 'svm__C': 0.1}, {'nystroem__gamma': 0.015625, 'svm__C': 3.1622776601683795}, {'nystroem__gamma': 0.0001220703125, 'svm__C': 100.0}, {'nystroem__gamma': 0.0001220703125, 'svm__C': 100.0}, {'nystroem__gamma': 0.0001220703125, 'svm__C': 100.0}, {'nystroem__gamma': 0.0013810679320049757, 'svm__C': 100.0}, {'nystroem__gamma': 0.0001220703125, 'svm__C': 100.0}, {'nystroem__gamma': 0.0001220703125, 'svm__C': 100.0}, {'nystroem__gamma': 0.0013810679320049757, 'svm__C': 3.1622776601683795}, {'nystroem__gamma': 0.015625, 'svm__C': 3.1622776601683795}, {'nystroem__gamma': 0.0001220703125, 'svm__C': 100.0}, {'nystroem__gamma': 0.0001220703125, 'svm__C': 100.0}, {'nystroem__gamma': 0.015625, 'svm__C': 0.1}, {'nystroem__gamma': 0.015625, 'svm__C': 3.1622776601683795}, {'nystroem__gamma': 0.0001220703125, 'svm__C': 100.0}, {'nystroem__gamma': 0.0001220703125, 'svm__C': 100.0}, {'nystroem__gamma': 0.015625, 'svm__C': 3.1622776601683795}, {'nystroem__gamma': 0.015625, 'svm__C': 3.1622776601683795}, {'nystroem__gamma': 0.0013810679320049757, 'svm__C': 100.0}, {'nystroem__gamma': 0.0001220703125, 'svm__C': 100.0}, {'nystroem__gamma': 0.015625, 'svm__C': 3.1622776601683795}, {'nystroem__gamma': 0.015625, 'svm__C': 3.1622776601683795}, {'nystroem__gamma': 0.0001220703125, 'svm__C': 100.0}, {'nystroem__gamma': 0.0001220703125, 'svm__C': 100.0}, {'nystroem__gamma': 0.015625, 'svm__C': 3.1622776601683795}, {'nystroem__gamma': 0.015625, 'svm__C': 3.1622776601683795}, {'nystroem__gamma': 0.0013810679320049757, 'svm__C': 100.0}, {'nystroem__gamma': 0.0001220703125, 'svm__C': 100.0}, {'nystroem__gamma': 0.015625, 'svm__C': 3.1622776601683795}, {'nystroem__gamma': 0.0013810679320049757, 'svm__C': 100.0}, {'nystroem__gamma': 0.0001220703125, 'svm__C': 100.0}, {'nystroem__gamma': 0.0001220703125, 'svm__C': 100.0}, {'nystroem__gamma': 0.015625, 'svm__C': 3.1622776601683795}, {'nystroem__gamma': 0.0013810679320049757, 'svm__C': 100.0}, {'nystroem__gamma': 0.0001220703125, 'svm__C': 100.0}, {'nystroem__gamma': 0.0001220703125, 'svm__C': 100.0}, {'nystroem__gamma': 0.015625, 'svm__C': 3.1622776601683795}, {'nystroem__gamma': 0.0013810679320049757, 'svm__C': 100.0}, {'nystroem__gamma': 0.0013810679320049757, 'svm__C': 100.0}, {'nystroem__gamma': 0.0001220703125, 'svm__C': 100.0}, {'nystroem__gamma': 0.0001220703125, 'svm__C': 100.0}, {'nystroem__gamma': 0.0013810679320049757, 'svm__C': 100.0}, {'nystroem__gamma': 0.0013810679320049757, 'svm__C': 100.0}, {'nystroem__gamma': 0.0001220703125, 'svm__C': 100.0}, {'nystroem__gamma': 0.015625, 'svm__C': 3.1622776601683795}, {'nystroem__gamma': 0.0013810679320049757, 'svm__C': 100.0}, {'nystroem__gamma': 0.0013810679320049757, 'svm__C': 100.0}, {'nystroem__gamma': 0.0001220703125, 'svm__C': 100.0}, {'nystroem__gamma': 0.0001220703125, 'svm__C': 100.0}, {'nystroem__gamma': 0.0013810679320049757, 'svm__C': 100.0}, {'nystroem__gamma': 0.0001220703125, 'svm__C': 100.0}, {'nystroem__gamma': 0.0001220703125, 'svm__C': 100.0}, {'nystroem__gamma': 0.015625, 'svm__C': 3.1622776601683795}, {'nystroem__gamma': 0.0013810679320049757, 'svm__C': 100.0}, {'nystroem__gamma': 0.0001220703125, 'svm__C': 100.0}, {'nystroem__gamma': 0.0001220703125, 'svm__C': 100.0}, {'nystroem__gamma': 0.015625, 'svm__C': 3.1622776601683795}, {'nystroem__gamma': 0.0013810679320049757, 'svm__C': 100.0}, {'nystroem__gamma': 0.0001220703125, 'svm__C': 100.0}, {'nystroem__gamma': 0.0001220703125, 'svm__C': 100.0}, {'nystroem__gamma': 0.015625, 'svm__C': 0.1}, {'nystroem__gamma': 0.0013810679320049757, 'svm__C': 100.0}, {'nystroem__gamma': 0.0013810679320049757, 'svm__C': 100.0}], 'Best Score in CV': [0.7569265367316342, 0.7725487256371814, 0.7778860569715143, 0.7586656671664167, 0.767376311844078, 0.7795052473763118, 0.7881709145427287, 0.7620689655172412, 0.7674212893553223, 0.7812893553223389, 0.803808095952024, 0.7603448275862068, 0.767376311844078, 0.7795202398800599, 0.8020839580209895, 0.756911544227886, 0.767376311844078, 0.7795202398800599, 0.8055472263868065, 0.756896551724138, 0.767376311844078, 0.7795052473763118, 0.8055472263868065, 0.756896551724138, 0.767376311844078, 0.7795502248875562, 0.8090104947526238, 0.756896551724138, 0.767376311844078, 0.7795202398800599, 0.8055322338830585, 0.756896551724138, 0.767376311844078, 0.7795352323838081, 0.803823088455772, 0.7586056971514242, 0.767376311844078, 0.7830284857571214, 0.8072863568215892, 0.756896551724138, 0.767376311844078, 0.7812743628185908, 0.8072713643178411, 0.7586056971514243, 0.767376311844078, 0.7812743628185908, 0.8055472263868065, 0.756896551724138, 0.767376311844078, 0.7830134932533734, 0.803808095952024, 0.756896551724138, 0.767376311844078, 0.7795502248875562, 0.803808095952024, 0.7586056971514242, 0.767376311844078, 0.7795052473763118, 0.8020689655172413, 0.7603448275862069, 0.767376311844078, 0.7795352323838081, 0.8020689655172413, 0.7586056971514242, 0.767376311844078, 0.7795052473763118, 0.8020689655172413, 0.756896551724138, 0.767376311844078, 0.7795352323838081, 0.803808095952024, 0.756896551724138, 0.767376311844078, 0.7795352323838081, 0.8020689655172413, 0.756896551724138, 0.767376311844078, 0.7795202398800599, 0.803808095952024, 0.7586056971514242], 'cv_mean_test_score': [0.7569265367316342, 0.7725487256371814, 0.7778860569715143, 0.7586656671664167, 0.767376311844078, 0.7795052473763118, 0.7881709145427287, 0.7620689655172412, 0.7674212893553223, 0.7812893553223389, 0.803808095952024, 0.7603448275862068, 0.767376311844078, 0.7795202398800599, 0.8020839580209895, 0.756911544227886, 0.767376311844078, 0.7795202398800599, 0.8055472263868065, 0.756896551724138, 0.767376311844078, 0.7795052473763118, 0.8055472263868065, 0.756896551724138, 0.767376311844078, 0.7795502248875562, 0.8090104947526238, 0.756896551724138, 0.767376311844078, 0.7795202398800599, 0.8055322338830585, 0.756896551724138, 0.767376311844078, 0.7795352323838081, 0.803823088455772, 0.7586056971514242, 0.767376311844078, 0.7830284857571214, 0.8072863568215892, 0.756896551724138, 0.767376311844078, 0.7812743628185908, 0.8072713643178411, 0.7586056971514243, 0.767376311844078, 0.7812743628185908, 0.8055472263868065, 0.756896551724138, 0.767376311844078, 0.7830134932533734, 0.803808095952024, 0.756896551724138, 0.767376311844078, 0.7795502248875562, 0.803808095952024, 0.7586056971514242, 0.767376311844078, 0.7795052473763118, 0.8020689655172413, 0.7603448275862069, 0.767376311844078, 0.7795352323838081, 0.8020689655172413, 0.7586056971514242, 0.767376311844078, 0.7795052473763118, 0.8020689655172413, 0.756896551724138, 0.767376311844078, 0.7795352323838081, 0.803808095952024, 0.756896551724138, 0.767376311844078, 0.7795352323838081, 0.8020689655172413, 0.756896551724138, 0.767376311844078, 0.7795202398800599, 0.803808095952024, 0.7586056971514242], 'cv_std_test_score': [0.03532380241480531, 0.018793233518410724, 0.039477571249363755, 0.0337265227572177, 0.03165678438288603, 0.027335228158876373, 0.02852031360906766, 0.039901021421345294, 0.042352790848627794, 0.041792517856639906, 0.024427311707786066, 0.04134882522178162, 0.03165678438288603, 0.03868758581924123, 0.03745235467176693, 0.03366391031694711, 0.03165678438288603, 0.03749656059488044, 0.048161746918537834, 0.038365521224178536, 0.03165678438288603, 0.027335228158876373, 0.04284415851869823, 0.038365521224178536, 0.03165678438288603, 0.03434318928821044, 0.0361446971803052, 0.038365521224178536, 0.03165678438288603, 0.03749656059488044, 0.04290634551294367, 0.038365521224178536, 0.03165678438288603, 0.053954894509912275, 0.038314750591411775, 0.04343213186494703, 0.03165678438288603, 0.052836135786418444, 0.039448875739992895, 0.038365521224178536, 0.03165678438288603, 0.05100211793310479, 0.03874412236334099, 0.039030771425013995, 0.03165678438288603, 0.05100211793310479, 0.04354438439752118, 0.038365521224178536, 0.03165678438288603, 0.05146067660566637, 0.04690115277835427, 0.038365521224178536, 0.03165678438288603, 0.05158969120267685, 0.04690115277835427, 0.04343213186494703, 0.03165678438288603, 0.027335228158876373, 0.04553935933116972, 0.045857606285280204, 0.03165678438288603, 0.05047951744295211, 0.04553935933116972, 0.04343213186494703, 0.03165678438288603, 0.027335228158876373, 0.04553935933116972, 0.038365521224178536, 0.03165678438288603, 0.050778218046374744, 0.04690115277835427, 0.038365521224178536, 0.03165678438288603, 0.050778218046374744, 0.04553935933116972, 0.038365521224178536, 0.03165678438288603, 0.03749656059488044, 0.04690115277835427, 0.04343213186494703], 'cv_mean_fit_time': [0.0009406566619873047, 0.0007594108581542968, 0.0009118556976318359, 0.0008539676666259766, 0.0009869575500488282, 0.0010968685150146485, 0.0012516021728515626, 0.0010547637939453125, 0.0014848709106445312, 0.001399850845336914, 0.0019374370574951171, 0.001661968231201172, 0.0015710830688476563, 0.0012545585632324219, 0.0016768455505371093, 0.0011827945709228516, 0.0017349720001220703, 0.001368236541748047, 0.001954174041748047, 0.0018467426300048829, 0.0020732879638671875, 0.002075815200805664, 0.0027016162872314452, 0.002050304412841797, 0.0024631500244140627, 0.002302885055541992, 0.0024784564971923827, 0.0024186134338378905, 0.0027919769287109374, 0.0027042388916015624, 0.003479480743408203, 0.0026916027069091796, 0.003148651123046875, 0.003721952438354492, 0.003305959701538086, 0.003919124603271484, 0.0032683849334716798, 0.004075384140014649, 0.0035999298095703127, 0.0034008026123046875, 0.0036598682403564454, 0.004403018951416015, 0.003986835479736328, 0.004787969589233399, 0.00403890609741211, 0.004789543151855469, 0.005376625061035156, 0.004433298110961914, 0.004349136352539062, 0.005497407913208008, 0.005955123901367187, 0.004367542266845703, 0.004935503005981445, 0.005519199371337891, 0.0068553447723388675, 0.006347465515136719, 0.00531768798828125, 0.00535435676574707, 0.007655143737792969, 0.006823015213012695, 0.006112527847290039, 0.006887960433959961, 0.00744938850402832, 0.007687664031982422, 0.0065539836883544925, 0.006457614898681641, 0.00844402313232422, 0.00665888786315918, 0.007359075546264649, 0.00798349380493164, 0.009182977676391601, 0.007300949096679688, 0.0074976921081542965, 0.008791780471801758, 0.009803295135498047, 0.007761955261230469, 0.008506202697753906, 0.007010841369628906, 0.01064143180847168, 0.010529565811157226], 'cv_std_fit_time': [8.280831575717592e-05, 2.4310933538772445e-05, 8.988406993310676e-05, 9.934538005399985e-05, 4.8902806524752264e-05, 7.227624522362897e-05, 4.521829448587524e-05, 0.00012429243256213278, 0.0001365484627117573, 0.00012774614309767702, 0.0006252510468066834, 0.0001649643217194865, 8.925579005529683e-05, 9.308430486224868e-05, 0.00011403193508780781, 7.486176337061023e-05, 7.045388019027845e-05, 8.028037532767876e-05, 0.000140141832376972, 0.00012446677487211748, 9.360266047477867e-05, 0.00011035989898919262, 0.000180443119374454, 0.00013564752509733315, 7.638827095797702e-05, 0.00020594342378782676, 0.00014174313176470042, 0.00013427480375531866, 0.00022335597120399473, 0.001223005405457236, 0.0010787749663503322, 0.00012830150651085267, 8.403118205473112e-05, 0.0004987077735909282, 0.00014600271021400938, 0.00021180422753396019, 7.88883233660537e-05, 0.00023483431749282173, 0.00016461047197014963, 0.00010365764241458823, 0.00010685702614896956, 0.00038951900794300336, 0.00016109525437442762, 0.0002893896153048704, 0.00012964066746467997, 0.000562498046825612, 0.00019871386338479022, 0.0002455832006213236, 0.00012237676137632987, 0.0008572272875499989, 0.00026291404253947205, 0.00011616749478036371, 0.0001173637583908078, 0.0003605917942679329, 0.0002531249351943128, 0.00020767817893075727, 6.223044624738866e-05, 0.00013566778895708384, 0.0010613797471732966, 0.00028792146254899293, 0.0006055666215386993, 0.0006298901255778194, 0.00030656680094539614, 0.0005069510702249909, 9.705675693409219e-05, 0.00014529005204815755, 0.0004001093228718644, 0.00025671154510417834, 0.00026197341471629595, 0.00022841173811110523, 0.0003418223523751842, 0.0006445424394613871, 0.00010636190314155379, 0.0006764199319303292, 0.00017920793993975124, 0.0006021227489105853, 0.0006585537312400502, 0.0006290120265246483, 0.00022565618107158743, 0.0006493454970131939]}
