
    --------------------
    'Model: Nystrom and ridge classification 
    	Dataset: Diabetes (classification) of shape (768, 8) 	CV: 5 	n_jobs: 8
    	 params: {'nystroem__gamma': array([1.22070312e-04, 1.38106793e-03, 1.56250000e-02, 1.76776695e-01,
       2.00000000e+00]), 'ridge_classification__alpha': array([1.00000000e-04, 3.16227766e-03, 1.00000000e-01, 3.16227766e+00,
       1.00000000e+02])} 
    	 number of hyperparameter 25
    
        	 n components [7, 15, 23, 30, 38, 46, 53, 61, 69, 76, 84, 92, 99, 107, 115, 122, 130, 138, 145, 153]
        	 which correspond with the [1, 2, 3, 4, 5, 6, 7, 8, 9, 10, 11, 12, 13, 14, 15, 16, 17, 18, 19, 20] % of the data
        --------------------
        
{'percent': [1, 2, 3, 4, 5, 6, 7, 8, 9, 10, 11, 12, 13, 14, 15, 16, 17, 18, 19, 20], 'n_components': [7, 15, 23, 30, 38, 46, 53, 61, 69, 76, 84, 92, 99, 107, 115, 122, 130, 138, 145, 153], 'Mean Score in test': [0.7630208333333333, 0.7643229166666666, 0.7682291666666667, 0.7591145833333333, 0.7721354166666666, 0.77734375, 0.7760416666666666, 0.7734375, 0.77734375, 0.7747395833333334, 0.7734375, 0.7734375, 0.7734375, 0.7721354166666667, 0.7786458333333334, 0.7721354166666667, 0.7760416666666666, 0.77734375, 0.7747395833333334, 0.7734375000000001], 'Std Score in test': [0.028645833333333315, 0.04107242264475913, 0.03692043458009848, 0.035587631168532405, 0.03726325005534944, 0.033425775138003766, 0.03273386742181392, 0.036551220957339065, 0.03689746696693948, 0.03726325005534945, 0.036551220957339065, 0.03385416666666668, 0.03764800076771085, 0.03816237210873138, 0.033043170678253984, 0.03816237210873138, 0.033954179193763825, 0.033425775138003766, 0.03462170781330296, 0.036365208447314945], 'Mean Training Time': [0.001238703727722168, 0.0013821125030517578, 0.0017368793487548828, 0.0016229748725891113, 0.0024679899215698242, 0.002125978469848633, 0.0028723478317260742, 0.004942476749420166, 0.004410982131958008, 0.0032851696014404297, 0.005076110363006592, 0.006633341312408447, 0.004383504390716553, 0.005065619945526123, 0.006102502346038818, 0.006850183010101318, 0.008529603481292725, 0.007692515850067139, 0.00890648365020752, 0.022267818450927734], 'Std Training Time': [3.946187616607389e-05, 1.2338017495093928e-05, 0.00036668207768105995, 3.219373718955519e-05, 0.0006064453075576915, 0.00017428194284877728, 0.00046109532183929845, 0.00044459853285542226, 0.0007844438111403991, 0.00025183717868692103, 0.0013846714514718702, 0.003966257990742892, 0.0003451148411338862, 0.0002724946204254308, 0.0006357323417223779, 0.0006024078501113699, 0.0023258163910012545, 0.00023676023568851604, 0.000787261406405388, 0.011164287753221593], 'Mean Best Score in CV': [0.7708170914542729, 0.7786319340329835, 0.7764655172413794, 0.7795052473763118, 0.7786356821589205, 0.7795127436281859, 0.7782083958020989, 0.7799475262368816, 0.7790817091454273, 0.7786431784107946, 0.7795127436281859, 0.7786506746626686, 0.7777773613193404, 0.7786431784107946, 0.778212143928036, 0.778212143928036, 0.7782121439280361, 0.7777773613193404, 0.7782121439280361, 0.7790817091454273], 'Std Best Score in CV': [0.012076675812895909, 0.016322307828558324, 0.014963316322824743, 0.016062860346576353, 0.015767552826102895, 0.017497486752868958, 0.016354459515278297, 0.018479154924224625, 0.0163170395552076, 0.016315352401291887, 0.01701855392401312, 0.015613881108437144, 0.015635145052485117, 0.016315352401291887, 0.014915131592506715, 0.016360725134975725, 0.014915131592506719, 0.014894686050804533, 0.014915131592506719, 0.0163170395552076], 'cv_mean_test_score': [0.7708170914542729, 0.7786319340329835, 0.7764655172413794, 0.7795052473763118, 0.7786356821589205, 0.7795127436281859, 0.7782083958020989, 0.7799475262368816, 0.7790817091454273, 0.7786431784107946, 0.7795127436281859, 0.7786506746626686, 0.7777773613193404, 0.7786431784107946, 0.778212143928036, 0.778212143928036, 0.7782121439280361, 0.7777773613193404, 0.7782121439280361, 0.7790817091454273], 'cv_std_test_score': [0.037272100686891005, 0.03231654120858736, 0.03518054718332871, 0.03882505803572651, 0.04151051533823946, 0.04101119899933911, 0.04234332540325514, 0.041944263888558556, 0.040950004200593915, 0.04203439584116908, 0.040928779508925414, 0.0425938327301022, 0.03993951661881859, 0.03946329902066831, 0.0423397051193411, 0.040676138302104134, 0.041128053940220066, 0.04067558665574904, 0.041128053940220066, 0.039104523240681525], 'cv_mean_fit_time': [0.0010716676712036132, 0.0011816740036010743, 0.0013426542282104492, 0.0014521479606628418, 0.0015156865119934082, 0.0017837762832641601, 0.001793062686920166, 0.002201521396636963, 0.0021893978118896484, 0.002426886558532715, 0.0026142239570617677, 0.003006553649902344, 0.003088104724884033, 0.0035175085067749023, 0.0038496851921081543, 0.004096591472625733, 0.004737186431884766, 0.005101597309112549, 0.005631446838378906, 0.006461870670318603], 'cv_std_fit_time': [8.931351624217712e-05, 9.656464900317833e-05, 0.00018656036645069724, 0.00018690757778451722, 0.00011490054362007302, 0.0002783068642525171, 0.00012954707840025838, 0.00034886962108486005, 0.00019387187409584787, 0.00018107441343158664, 0.00011020101842647523, 0.00022615331850388664, 0.00010403835488435858, 0.00043191776142032255, 0.00030901153387934605, 0.0002948320429227777, 0.0002590286751089441, 0.000121821236069349, 0.00025643542024639276, 0.0008262366122179078]}
{'percent': [1, 1, 1, 1, 2, 2, 2, 2, 3, 3, 3, 3, 4, 4, 4, 4, 5, 5, 5, 5, 6, 6, 6, 6, 7, 7, 7, 7, 8, 8, 8, 8, 9, 9, 9, 9, 10, 10, 10, 10, 11, 11, 11, 11, 12, 12, 12, 12, 13, 13, 13, 13, 14, 14, 14, 14, 15, 15, 15, 15, 16, 16, 16, 16, 17, 17, 17, 17, 18, 18, 18, 18, 19, 19, 19, 19, 20, 20, 20, 20], 'n_components': [7, 7, 7, 7, 15, 15, 15, 15, 23, 23, 23, 23, 30, 30, 30, 30, 38, 38, 38, 38, 46, 46, 46, 46, 53, 53, 53, 53, 61, 61, 61, 61, 69, 69, 69, 69, 76, 76, 76, 76, 84, 84, 84, 84, 92, 92, 92, 92, 99, 99, 99, 99, 107, 107, 107, 107, 115, 115, 115, 115, 122, 122, 122, 122, 130, 130, 130, 130, 138, 138, 138, 138, 145, 145, 145, 145, 153, 153, 153, 153], 'Score in test': [0.7916666666666666, 0.734375, 0.734375, 0.7916666666666666, 0.8072916666666666, 0.734375, 0.7135416666666666, 0.8020833333333334, 0.8072916666666666, 0.7395833333333334, 0.7239583333333334, 0.8020833333333334, 0.7760416666666666, 0.7395833333333334, 0.7135416666666666, 0.8072916666666666, 0.7916666666666666, 0.7447916666666666, 0.7291666666666666, 0.8229166666666666, 0.796875, 0.765625, 0.7291666666666666, 0.8177083333333334, 0.7916666666666666, 0.765625, 0.7291666666666666, 0.8177083333333334, 0.7916666666666666, 0.765625, 0.71875, 0.8177083333333334, 0.796875, 0.7760416666666666, 0.71875, 0.8177083333333334, 0.796875, 0.765625, 0.71875, 0.8177083333333334, 0.7916666666666666, 0.765625, 0.71875, 0.8177083333333334, 0.7916666666666666, 0.7552083333333334, 0.7291666666666666, 0.8177083333333334, 0.796875, 0.7604166666666666, 0.71875, 0.8177083333333334, 0.796875, 0.7552083333333334, 0.71875, 0.8177083333333334, 0.796875, 0.7708333333333334, 0.7291666666666666, 0.8177083333333334, 0.796875, 0.7552083333333334, 0.71875, 0.8177083333333334, 0.796875, 0.7604166666666666, 0.7291666666666666, 0.8177083333333334, 0.796875, 0.765625, 0.7291666666666666, 0.8177083333333334, 0.796875, 0.7552083333333334, 0.7291666666666666, 0.8177083333333334, 0.796875, 0.7552083333333334, 0.7239583333333334, 0.8177083333333334], 'Training Time': [0.0012142658233642578, 0.0012450218200683594, 0.001195669174194336, 0.0012998580932617188, 0.0013821125030517578, 0.0013740062713623047, 0.0013701915740966797, 0.001402139663696289, 0.0016140937805175781, 0.0014712810516357422, 0.0023651123046875, 0.001497030258178711, 0.0016589164733886719, 0.0015761852264404297, 0.0016109943389892578, 0.001645803451538086, 0.0017099380493164062, 0.0020389556884765625, 0.0029990673065185547, 0.0031239986419677734, 0.0021009445190429688, 0.001973867416381836, 0.002012014389038086, 0.0024170875549316406, 0.0028581619262695312, 0.0025000572204589844, 0.002501249313354492, 0.003629922866821289, 0.005003929138183594, 0.005398988723754883, 0.005154848098754883, 0.004212141036987305, 0.0032498836517333984, 0.004132986068725586, 0.005146026611328125, 0.005115032196044922, 0.003718852996826172, 0.003101825714111328, 0.0031418800354003906, 0.003178119659423828, 0.0046842098236083984, 0.007365226745605469, 0.004615306854248047, 0.003639698028564453, 0.0035369396209716797, 0.01340627670288086, 0.005389213562011719, 0.004200935363769531, 0.0044100284576416016, 0.003921985626220703, 0.004890918731689453, 0.004311084747314453, 0.005274057388305664, 0.005246877670288086, 0.004601716995239258, 0.005139827728271484, 0.00675511360168457, 0.005806922912597656, 0.0052030086517333984, 0.0066449642181396484, 0.006630897521972656, 0.006023883819580078, 0.007668018341064453, 0.007077932357788086, 0.007024288177490234, 0.007996082305908203, 0.006632804870605469, 0.012465238571166992, 0.007765054702758789, 0.007299184799194336, 0.007772922515869141, 0.007932901382446289, 0.009074926376342773, 0.007594108581542969, 0.00967097282409668, 0.009285926818847656, 0.00916600227355957, 0.03575396537780762, 0.03058910369873047, 0.013562202453613281], 'Best Parameters': [{'nystroem__gamma': 0.015625, 'ridge_classification__alpha': 0.1}, {'nystroem__gamma': 0.0013810679320049757, 'ridge_classification__alpha': 0.0001}, {'nystroem__gamma': 0.0001220703125, 'ridge_classification__alpha': 0.0031622776601683794}, {'nystroem__gamma': 0.0013810679320049757, 'ridge_classification__alpha': 0.0031622776601683794}, {'nystroem__gamma': 0.0001220703125, 'ridge_classification__alpha': 0.0031622776601683794}, {'nystroem__gamma': 0.0001220703125, 'ridge_classification__alpha': 0.0031622776601683794}, {'nystroem__gamma': 0.015625, 'ridge_classification__alpha': 0.0001}, {'nystroem__gamma': 0.0001220703125, 'ridge_classification__alpha': 0.0001}, {'nystroem__gamma': 0.0001220703125, 'ridge_classification__alpha': 0.0031622776601683794}, {'nystroem__gamma': 0.0013810679320049757, 'ridge_classification__alpha': 0.1}, {'nystroem__gamma': 0.015625, 'ridge_classification__alpha': 0.1}, {'nystroem__gamma': 0.0001220703125, 'ridge_classification__alpha': 0.0001}, {'nystroem__gamma': 0.0013810679320049757, 'ridge_classification__alpha': 0.0001}, {'nystroem__gamma': 0.0001220703125, 'ridge_classification__alpha': 0.0001}, {'nystroem__gamma': 0.015625, 'ridge_classification__alpha': 0.1}, {'nystroem__gamma': 0.0001220703125, 'ridge_classification__alpha': 0.0001}, {'nystroem__gamma': 0.015625, 'ridge_classification__alpha': 0.0031622776601683794}, {'nystroem__gamma': 0.015625, 'ridge_classification__alpha': 0.0031622776601683794}, {'nystroem__gamma': 0.0013810679320049757, 'ridge_classification__alpha': 0.0031622776601683794}, {'nystroem__gamma': 0.0001220703125, 'ridge_classification__alpha': 0.0001}, {'nystroem__gamma': 0.0013810679320049757, 'ridge_classification__alpha': 0.0031622776601683794}, {'nystroem__gamma': 0.0013810679320049757, 'ridge_classification__alpha': 0.0001}, {'nystroem__gamma': 0.0013810679320049757, 'ridge_classification__alpha': 0.0031622776601683794}, {'nystroem__gamma': 0.0001220703125, 'ridge_classification__alpha': 0.0001}, {'nystroem__gamma': 0.0013810679320049757, 'ridge_classification__alpha': 0.0031622776601683794}, {'nystroem__gamma': 0.0013810679320049757, 'ridge_classification__alpha': 0.0001}, {'nystroem__gamma': 0.0013810679320049757, 'ridge_classification__alpha': 0.0031622776601683794}, {'nystroem__gamma': 0.0001220703125, 'ridge_classification__alpha': 0.0001}, {'nystroem__gamma': 0.0013810679320049757, 'ridge_classification__alpha': 0.0031622776601683794}, {'nystroem__gamma': 0.0013810679320049757, 'ridge_classification__alpha': 0.0001}, {'nystroem__gamma': 0.015625, 'ridge_classification__alpha': 0.1}, {'nystroem__gamma': 0.0001220703125, 'ridge_classification__alpha': 0.0001}, {'nystroem__gamma': 0.0013810679320049757, 'ridge_classification__alpha': 0.0031622776601683794}, {'nystroem__gamma': 0.0013810679320049757, 'ridge_classification__alpha': 0.0001}, {'nystroem__gamma': 0.015625, 'ridge_classification__alpha': 0.1}, {'nystroem__gamma': 0.0001220703125, 'ridge_classification__alpha': 0.0001}, {'nystroem__gamma': 0.0013810679320049757, 'ridge_classification__alpha': 0.0031622776601683794}, {'nystroem__gamma': 0.0013810679320049757, 'ridge_classification__alpha': 0.0001}, {'nystroem__gamma': 0.015625, 'ridge_classification__alpha': 0.1}, {'nystroem__gamma': 0.0001220703125, 'ridge_classification__alpha': 0.0001}, {'nystroem__gamma': 0.0013810679320049757, 'ridge_classification__alpha': 0.0031622776601683794}, {'nystroem__gamma': 0.0013810679320049757, 'ridge_classification__alpha': 0.0001}, {'nystroem__gamma': 0.015625, 'ridge_classification__alpha': 0.1}, {'nystroem__gamma': 0.0001220703125, 'ridge_classification__alpha': 0.0001}, {'nystroem__gamma': 0.0013810679320049757, 'ridge_classification__alpha': 0.0031622776601683794}, {'nystroem__gamma': 0.015625, 'ridge_classification__alpha': 0.1}, {'nystroem__gamma': 0.0013810679320049757, 'ridge_classification__alpha': 0.0031622776601683794}, {'nystroem__gamma': 0.0001220703125, 'ridge_classification__alpha': 0.0001}, {'nystroem__gamma': 0.0013810679320049757, 'ridge_classification__alpha': 0.0031622776601683794}, {'nystroem__gamma': 0.0013810679320049757, 'ridge_classification__alpha': 0.0001}, {'nystroem__gamma': 0.015625, 'ridge_classification__alpha': 0.1}, {'nystroem__gamma': 0.0001220703125, 'ridge_classification__alpha': 0.0001}, {'nystroem__gamma': 0.0013810679320049757, 'ridge_classification__alpha': 0.0031622776601683794}, {'nystroem__gamma': 0.0013810679320049757, 'ridge_classification__alpha': 0.0001}, {'nystroem__gamma': 0.015625, 'ridge_classification__alpha': 0.1}, {'nystroem__gamma': 0.0001220703125, 'ridge_classification__alpha': 0.0001}, {'nystroem__gamma': 0.0013810679320049757, 'ridge_classification__alpha': 0.0031622776601683794}, {'nystroem__gamma': 0.0013810679320049757, 'ridge_classification__alpha': 0.0001}, {'nystroem__gamma': 0.0013810679320049757, 'ridge_classification__alpha': 0.0031622776601683794}, {'nystroem__gamma': 0.0001220703125, 'ridge_classification__alpha': 0.0001}, {'nystroem__gamma': 0.0013810679320049757, 'ridge_classification__alpha': 0.0031622776601683794}, {'nystroem__gamma': 0.0013810679320049757, 'ridge_classification__alpha': 0.0001}, {'nystroem__gamma': 0.015625, 'ridge_classification__alpha': 0.1}, {'nystroem__gamma': 0.0001220703125, 'ridge_classification__alpha': 0.0001}, {'nystroem__gamma': 0.0013810679320049757, 'ridge_classification__alpha': 0.0031622776601683794}, {'nystroem__gamma': 0.0013810679320049757, 'ridge_classification__alpha': 0.0001}, {'nystroem__gamma': 0.0013810679320049757, 'ridge_classification__alpha': 0.0031622776601683794}, {'nystroem__gamma': 0.0001220703125, 'ridge_classification__alpha': 0.0001}, {'nystroem__gamma': 0.0013810679320049757, 'ridge_classification__alpha': 0.0031622776601683794}, {'nystroem__gamma': 0.0013810679320049757, 'ridge_classification__alpha': 0.0001}, {'nystroem__gamma': 0.0013810679320049757, 'ridge_classification__alpha': 0.0031622776601683794}, {'nystroem__gamma': 0.0001220703125, 'ridge_classification__alpha': 0.0001}, {'nystroem__gamma': 0.0013810679320049757, 'ridge_classification__alpha': 0.0031622776601683794}, {'nystroem__gamma': 0.0013810679320049757, 'ridge_classification__alpha': 0.0001}, {'nystroem__gamma': 0.0013810679320049757, 'ridge_classification__alpha': 0.0031622776601683794}, {'nystroem__gamma': 0.0001220703125, 'ridge_classification__alpha': 0.0001}, {'nystroem__gamma': 0.0013810679320049757, 'ridge_classification__alpha': 0.0031622776601683794}, {'nystroem__gamma': 0.0013810679320049757, 'ridge_classification__alpha': 0.0001}, {'nystroem__gamma': 0.015625, 'ridge_classification__alpha': 0.1}, {'nystroem__gamma': 0.0001220703125, 'ridge_classification__alpha': 0.0001}], 'Best Score in CV': [0.7673313343328336, 0.7759970014992504, 0.7864467766116942, 0.7534932533733134, 0.7656371814092954, 0.7777661169415293, 0.8055622188905547, 0.7655622188905546, 0.7656371814092954, 0.7777811094452773, 0.8003448275862068, 0.7620989505247376, 0.7725787106446776, 0.7777961019490255, 0.8055472263868065, 0.7620989505247376, 0.7691004497751125, 0.7830134932533733, 0.8020839580209895, 0.7603448275862069, 0.767376311844078, 0.7760869565217391, 0.8090254872563719, 0.7655622188905546, 0.7656371814092953, 0.7760869565217391, 0.8055472263868065, 0.7655622188905546, 0.7656371814092953, 0.7778260869565218, 0.8107646176911544, 0.7655622188905546, 0.7656371814092953, 0.7795652173913045, 0.8055622188905547, 0.7655622188905546, 0.7656371814092953, 0.7778260869565218, 0.8055472263868065, 0.7655622188905546, 0.7656371814092953, 0.7795652173913044, 0.8072863568215892, 0.7655622188905546, 0.7656371814092953, 0.7795802098950525, 0.803823088455772, 0.7655622188905546, 0.7656371814092953, 0.7760869565217392, 0.8038230884557722, 0.7655622188905546, 0.7656371814092953, 0.7778260869565218, 0.8055472263868065, 0.7655622188905546, 0.7656371814092953, 0.7795652173913044, 0.8020839580209895, 0.7655622188905546, 0.7656371814092953, 0.7760869565217392, 0.8055622188905547, 0.7655622188905546, 0.7656371814092953, 0.7795652173913045, 0.8020839580209895, 0.7655622188905546, 0.7656371814092953, 0.7778260869565219, 0.8020839580209895, 0.7655622188905546, 0.7656371814092953, 0.7795652173913045, 0.8020839580209895, 0.7655622188905546, 0.7656371814092953, 0.7795652173913045, 0.8055622188905547, 0.7655622188905546], 'cv_mean_test_score': [0.7673313343328336, 0.7759970014992504, 0.7864467766116942, 0.7534932533733134, 0.7656371814092954, 0.7777661169415293, 0.8055622188905547, 0.7655622188905546, 0.7656371814092954, 0.7777811094452773, 0.8003448275862068, 0.7620989505247376, 0.7725787106446776, 0.7777961019490255, 0.8055472263868065, 0.7620989505247376, 0.7691004497751125, 0.7830134932533733, 0.8020839580209895, 0.7603448275862069, 0.767376311844078, 0.7760869565217391, 0.8090254872563719, 0.7655622188905546, 0.7656371814092953, 0.7760869565217391, 0.8055472263868065, 0.7655622188905546, 0.7656371814092953, 0.7778260869565218, 0.8107646176911544, 0.7655622188905546, 0.7656371814092953, 0.7795652173913045, 0.8055622188905547, 0.7655622188905546, 0.7656371814092953, 0.7778260869565218, 0.8055472263868065, 0.7655622188905546, 0.7656371814092953, 0.7795652173913044, 0.8072863568215892, 0.7655622188905546, 0.7656371814092953, 0.7795802098950525, 0.803823088455772, 0.7655622188905546, 0.7656371814092953, 0.7760869565217392, 0.8038230884557722, 0.7655622188905546, 0.7656371814092953, 0.7778260869565218, 0.8055472263868065, 0.7655622188905546, 0.7656371814092953, 0.7795652173913044, 0.8020839580209895, 0.7655622188905546, 0.7656371814092953, 0.7760869565217392, 0.8055622188905547, 0.7655622188905546, 0.7656371814092953, 0.7795652173913045, 0.8020839580209895, 0.7655622188905546, 0.7656371814092953, 0.7778260869565219, 0.8020839580209895, 0.7655622188905546, 0.7656371814092953, 0.7795652173913045, 0.8020839580209895, 0.7655622188905546, 0.7656371814092953, 0.7795652173913045, 0.8055622188905547, 0.7655622188905546], 'cv_std_test_score': [0.040341270122176504, 0.029086090968227687, 0.04069017443783749, 0.038970867219322324, 0.03243463167151742, 0.03049578453863998, 0.02830926147678651, 0.038026487147405516, 0.03243463167151742, 0.037514635814076124, 0.032543459534480026, 0.03822946171324127, 0.040873436905844385, 0.037821912237886765, 0.03837542128593361, 0.03822946171324127, 0.03985932434288737, 0.048119622017451395, 0.03745235467176693, 0.040610760320852146, 0.038940078212894615, 0.050591958983613426, 0.036486271653442856, 0.038026487147405516, 0.038411531931871704, 0.05377963859501295, 0.03915564393873035, 0.038026487147405516, 0.038411531931871704, 0.05682859846085044, 0.034510438014106554, 0.038026487147405516, 0.038411531931871704, 0.051510272068243095, 0.035851725654855345, 0.038026487147405516, 0.038411531931871704, 0.05493422772899856, 0.036765336556400546, 0.038026487147405516, 0.038411531931871704, 0.05546844672632022, 0.03180865223010424, 0.038026487147405516, 0.038411531931871704, 0.054841127803992695, 0.03909618403713888, 0.038026487147405516, 0.038411531931871704, 0.052929314064463294, 0.030390733331533852, 0.038026487147405516, 0.038411531931871704, 0.053540084448216146, 0.02787509255517988, 0.038026487147405516, 0.038411531931871704, 0.05546844672632022, 0.037452354671766934, 0.038026487147405516, 0.038411531931871704, 0.048765477888034606, 0.03750105624110469, 0.038026487147405516, 0.038411531931871704, 0.05062184200983613, 0.037452354671766934, 0.038026487147405516, 0.038411531931871704, 0.04881197287195198, 0.037452354671766934, 0.038026487147405516, 0.038411531931871704, 0.05062184200983613, 0.037452354671766934, 0.038026487147405516, 0.038411531931871704, 0.05062184200983613, 0.02935823187361275, 0.038026487147405516], 'cv_mean_fit_time': [0.0010899543762207032, 0.0009954452514648437, 0.001130390167236328, 0.0010708808898925782, 0.0013618946075439453, 0.0011578083038330078, 0.0010859966278076172, 0.0011209964752197266, 0.001300954818725586, 0.0012470245361328124, 0.0014438152313232422, 0.0013788223266601562, 0.001582193374633789, 0.0014811992645263673, 0.0014088153839111328, 0.001336383819580078, 0.0014966964721679688, 0.001462268829345703, 0.0014927387237548828, 0.001611042022705078, 0.001816558837890625, 0.0018501758575439453, 0.0016265869140625, 0.0018417835235595703, 0.0018207073211669923, 0.0017943859100341796, 0.00170135498046875, 0.0018558025360107422, 0.0020395755767822266, 0.0025330066680908205, 0.0021326541900634766, 0.002100849151611328, 0.002001237869262695, 0.002401590347290039, 0.002178955078125, 0.0021758079528808594, 0.0023230552673339845, 0.0025738239288330077, 0.002298402786254883, 0.0025122642517089845, 0.002660322189331055, 0.002510738372802734, 0.0025961875915527345, 0.002689647674560547, 0.0028839111328125, 0.0028601646423339843, 0.0033783912658691406, 0.00290374755859375, 0.002986431121826172, 0.0030205249786376953, 0.0031607627868652345, 0.0031847000122070313, 0.0037583827972412108, 0.0032555580139160155, 0.0036946773529052735, 0.003361415863037109, 0.004197263717651367, 0.003710222244262695, 0.0037166595458984373, 0.003774595260620117, 0.004205560684204102, 0.003907966613769531, 0.004210186004638672, 0.004062652587890625, 0.0045454978942871095, 0.004793548583984375, 0.0047204017639160155, 0.004889297485351563, 0.005030393600463867, 0.005158853530883789, 0.0050353527069091795, 0.005181789398193359, 0.005482864379882812, 0.0059144020080566405, 0.005639410018920899, 0.0054891109466552734, 0.006375694274902343, 0.0067977428436279295, 0.00627603530883789, 0.00639801025390625], 'cv_std_fit_time': [0.0001302532521982967, 7.656413158754072e-05, 6.041611472893515e-05, 9.002056645393593e-05, 8.53272615071804e-05, 0.00013486253090485022, 7.386775515192031e-05, 9.220104844876241e-05, 0.00010667057188761788, 0.00010344779662528546, 0.00035228351674640787, 0.00018383958054347775, 0.0003762659562549428, 0.00010666300461610767, 0.00015060801812934556, 0.00011409333213767279, 0.00010293506165576014, 0.0001478602291776682, 0.0001079451274182243, 0.00010086175622863938, 0.0002063331962453816, 0.0006531879175421615, 0.00017008278119827195, 8.362356202425334e-05, 0.00013758884806725123, 0.0001455920110273227, 0.00012929894787333827, 0.00010570850663312133, 0.0001688591806095564, 0.0009802942505305766, 0.0001488712030746892, 9.745385012461806e-05, 5.336964612234548e-05, 0.00045873288526803563, 0.00015433469425136262, 0.00010905027074164767, 0.00011425864088056712, 0.0004070575526108938, 0.0001282847405696211, 7.469671966526457e-05, 0.00016003470576241312, 9.182494643748022e-05, 0.00012601015344032777, 6.293426806567987e-05, 0.00017124157808055777, 0.00012073989530473528, 0.0004977151930839339, 0.00011491660754631965, 7.20369811782347e-05, 0.00010053238221315391, 0.00018434011429514896, 5.924394185089674e-05, 0.0007348031118830104, 5.948348128141857e-05, 0.0008335978716241132, 9.978658089274796e-05, 0.0009525316259011929, 0.00011394686149848406, 8.150866981548871e-05, 8.805897830221826e-05, 0.0005095172405394624, 0.00011165225299326969, 0.0005174324857233409, 4.072619243503798e-05, 0.00012713594666676888, 0.0004221230831056589, 0.00024304055501078497, 0.00024381511565256365, 6.822854933374307e-05, 0.0002111803731611562, 0.00012720326321528222, 8.067275856721454e-05, 0.0001251076953178368, 0.0007629817921096247, 8.038823971387393e-05, 5.726395384423563e-05, 0.0008230350742915762, 0.000772168330667592, 0.0007324524465776812, 0.0009772905973347821]}
