
    --------------------
    'Model: Nystrom and ridge classification 
    	Dataset: w3a (classification) of shape (4912, 300) 	CV: 5 	n_jobs: 5
    	 params: {'nystroem__gamma': array([3.25520833e-06, 3.68284782e-05, 4.16666667e-04, 4.71404521e-03,
       5.33333333e-02]), 'ridge_classification__alpha': array([1.00000000e-04, 3.16227766e-03, 1.00000000e-01, 3.16227766e+00,
       1.00000000e+02])} 
    	 number of hyperparameter 25
    
        	 n components [49, 98, 196, 245, 343, 442, 491, 589, 638, 736, 835, 884, 982, 1031, 1129, 1228]
        	 which correspond with the [1, 2, 4, 5, 7, 9, 10, 12, 13, 15, 17, 18, 20, 21, 23, 25] % of the data
        --------------------
        
{'percent': [1, 2, 4, 5, 7, 9, 10, 12, 13, 15, 17, 18, 20, 21, 23, 25], 'n_components': [49, 98, 196, 245, 343, 442, 491, 589, 638, 736, 835, 884, 982, 1031, 1129, 1228], 'Mean Score in test': [0.9773401431853157, 0.9778977184022125, 0.9769609920378259, 0.9786783237058679, 0.9782545665410264, 0.979525838035551, 0.9801726252871512, 0.9795704440529027, 0.9797711711309856, 0.9809978366081584, 0.9799942012177443, 0.9791020808707095, 0.9794812320181993, 0.9823583201373866, 0.9780984454802953, 0.9799272921917167], 'Std Score in test': [0.0, 0.0, 0.0, 0.0, 0.0, 0.0, 0.0, 0.0, 0.0, 0.0, 0.0, 0.0, 0.0, 0.0, 0.0, 0.0], 'Mean Training Time': [0.11632227897644043, 0.14518332481384277, 0.23182177543640137, 0.2626464366912842, 0.32574915885925293, 0.39559364318847656, 0.3991553783416748, 0.5824031829833984, 0.6044187545776367, 0.6757030487060547, 0.9303107261657715, 0.9837546348571777, 1.3287780284881592, 1.3176581859588623, 1.4853239059448242, 1.594153642654419], 'Std Training Time': [0.0, 0.0, 0.0, 0.0, 0.0, 0.0, 0.0, 0.0, 0.0, 0.0, 0.0, 0.0, 0.0, 0.0, 0.0, 0.0], 'Mean Best Score in CV': [0.976385726391424, 0.9759792231686119, 0.9755720983812388, 0.9755718911930519, 0.9741474724077133, 0.9743505168309324, 0.9751643520293047, 0.9745541828187123, 0.9741472652195263, 0.9735362672561862, 0.9741472652195263, 0.973332808456593, 0.9737395188675922, 0.9735364744443731, 0.9741470580313394, 0.973128935280626], 'Std Best Score in CV': [0.0, 0.0, 0.0, 0.0, 0.0, 0.0, 0.0, 0.0, 0.0, 0.0, 0.0, 0.0, 0.0, 0.0, 0.0, 0.0], 'cv_mean_test_score': [0.976385726391424, 0.9759792231686119, 0.9755720983812388, 0.9755718911930519, 0.9741474724077133, 0.9743505168309324, 0.9751643520293047, 0.9745541828187123, 0.9741472652195263, 0.9735362672561862, 0.9741472652195263, 0.973332808456593, 0.9737395188675922, 0.9735364744443731, 0.9741470580313394, 0.973128935280626], 'cv_std_test_score': [0.005035807575556085, 0.0058402959974188165, 0.006197802732976786, 0.00664939489722274, 0.007028550792586776, 0.005154670650440691, 0.00598186293883153, 0.007187148864226481, 0.006999631259470949, 0.0061635664871208945, 0.006969938265349189, 0.007052668719802001, 0.00624474769795488, 0.008182809838965592, 0.007513607056690744, 0.006940969931275181]}
{'percent': [1, 2, 4, 5, 7, 9, 10, 12, 13, 15, 17, 18, 20, 21, 23, 25], 'n_components': [49, 98, 196, 245, 343, 442, 491, 589, 638, 736, 835, 884, 982, 1031, 1129, 1228], 'Score in test': [0.9773401431853157, 0.9778977184022125, 0.9769609920378259, 0.9786783237058679, 0.9782545665410264, 0.979525838035551, 0.9801726252871512, 0.9795704440529027, 0.9797711711309856, 0.9809978366081584, 0.9799942012177443, 0.9791020808707095, 0.9794812320181993, 0.9823583201373866, 0.9780984454802953, 0.9799272921917167], 'Training Time': [0.11632227897644043, 0.14518332481384277, 0.23182177543640137, 0.2626464366912842, 0.32574915885925293, 0.39559364318847656, 0.3991553783416748, 0.5824031829833984, 0.6044187545776367, 0.6757030487060547, 0.9303107261657715, 0.9837546348571777, 1.3287780284881592, 1.3176581859588623, 1.4853239059448242, 1.594153642654419], 'Best Parameters': [{'nystroem__gamma': 0.0004166666666666667, 'ridge_classification__alpha': 0.0031622776601683794}, {'nystroem__gamma': 0.0004166666666666667, 'ridge_classification__alpha': 0.0031622776601683794}, {'nystroem__gamma': 0.0004166666666666667, 'ridge_classification__alpha': 3.1622776601683795}, {'nystroem__gamma': 0.0004166666666666667, 'ridge_classification__alpha': 3.1622776601683795}, {'nystroem__gamma': 0.0004166666666666667, 'ridge_classification__alpha': 3.1622776601683795}, {'nystroem__gamma': 0.0004166666666666667, 'ridge_classification__alpha': 0.1}, {'nystroem__gamma': 0.0004166666666666667, 'ridge_classification__alpha': 3.1622776601683795}, {'nystroem__gamma': 0.0004166666666666667, 'ridge_classification__alpha': 3.1622776601683795}, {'nystroem__gamma': 0.0004166666666666667, 'ridge_classification__alpha': 3.1622776601683795}, {'nystroem__gamma': 0.0004166666666666667, 'ridge_classification__alpha': 3.1622776601683795}, {'nystroem__gamma': 0.0004166666666666667, 'ridge_classification__alpha': 3.1622776601683795}, {'nystroem__gamma': 0.0004166666666666667, 'ridge_classification__alpha': 3.1622776601683795}, {'nystroem__gamma': 0.0004166666666666667, 'ridge_classification__alpha': 3.1622776601683795}, {'nystroem__gamma': 0.0004166666666666667, 'ridge_classification__alpha': 0.0001}, {'nystroem__gamma': 0.0004166666666666667, 'ridge_classification__alpha': 3.1622776601683795}, {'nystroem__gamma': 0.0004166666666666667, 'ridge_classification__alpha': 3.1622776601683795}], 'Best Score in CV': [0.976385726391424, 0.9759792231686119, 0.9755720983812388, 0.9755718911930519, 0.9741474724077133, 0.9743505168309324, 0.9751643520293047, 0.9745541828187123, 0.9741472652195263, 0.9735362672561862, 0.9741472652195263, 0.973332808456593, 0.9737395188675922, 0.9735364744443731, 0.9741470580313394, 0.973128935280626], 'cv_mean_test_score': [0.976385726391424, 0.9759792231686119, 0.9755720983812388, 0.9755718911930519, 0.9741474724077133, 0.9743505168309324, 0.9751643520293047, 0.9745541828187123, 0.9741472652195263, 0.9735362672561862, 0.9741472652195263, 0.973332808456593, 0.9737395188675922, 0.9735364744443731, 0.9741470580313394, 0.973128935280626], 'cv_std_test_score': [0.005035807575556085, 0.0058402959974188165, 0.006197802732976786, 0.00664939489722274, 0.007028550792586776, 0.005154670650440691, 0.00598186293883153, 0.007187148864226481, 0.006999631259470949, 0.0061635664871208945, 0.006969938265349189, 0.007052668719802001, 0.00624474769795488, 0.008182809838965592, 0.007513607056690744, 0.006940969931275181]}
