
    --------------------
    'Model: Random Fourier features and ridge classification 
    	Dataset: w3a (classification) of shape (4912, 300) 	CV: 5 	n_jobs: 5
    	 params: {'fourier_random_features__gamma': [3.2552083333333335e-06, 3.6828478186799355e-05, 0.0004166666666666667, 0.0047140452079103175, 0.05333333333333334], 'ridge_classification__alpha': array([1.00000000e-04, 3.16227766e-03, 1.00000000e-01, 3.16227766e+00,
       1.00000000e+02])} 
    	 number of hyperparameter 25
    
        	 n components [49, 98, 196, 245, 343, 442, 491, 589, 638, 736, 835, 884, 982, 1031, 1129, 1228]
        	 which correspond with the [1, 2, 4, 5, 7, 9, 10, 12, 13, 15, 17, 18, 20, 21, 23, 25] % of the data
        --------------------
        
{'percent': [1, 2, 4, 5, 7, 9, 10, 12, 13, 15, 17, 18, 20, 21, 23, 25], 'n_components': [49, 98, 196, 245, 343, 442, 491, 589, 638, 736, 835, 884, 982, 1031, 1129, 1228], 'Mean Score in test': [0.9769163860204741, 0.9804625643999375, 0.9813323817382965, 0.9805963824519928, 0.9805517764346411, 0.9819791689898968, 0.9822021990766554, 0.9817338358944622, 0.9808194125387515, 0.9817784419118138, 0.9702031804090372, 0.9821575930593037, 0.982090684033276, 0.9822021990766554, 0.9825144411981176, 0.9826928652675246], 'Std Score in test': [0.0, 0.0, 0.0, 0.0, 0.0, 0.0, 0.0, 0.0, 0.0, 0.0, 0.0, 0.0, 0.0, 0.0, 0.0, 0.0], 'Mean Training Time': [0.0905754566192627, 0.10236883163452148, 0.12516379356384277, 0.1619265079498291, 0.24117612838745117, 0.271909236907959, 0.3294410705566406, 0.38318705558776855, 0.399550199508667, 0.4641902446746826, 0.5234997272491455, 0.5736196041107178, 0.6839394569396973, 0.6802184581756592, 0.7078976631164551, 0.9581484794616699], 'Std Training Time': [0.0, 0.0, 0.0, 0.0, 0.0, 0.0, 0.0, 0.0, 0.0, 0.0, 0.0, 0.0, 0.0, 0.0, 0.0, 0.0], 'Mean Best Score in CV': [0.9735354385034383, 0.972721188928692, 0.9731283137160652, 0.9710941400965082, 0.972721188928692, 0.9733321868920323, 0.9741462292785915, 0.9735358528798121, 0.9735356456916252, 0.9727220176814398, 0.9708877806622978, 0.9733321868920323, 0.9741464364667785, 0.9729252692928461, 0.9729252692928461, 0.972925476481033], 'Std Best Score in CV': [0.0, 0.0, 0.0, 0.0, 0.0, 0.0, 0.0, 0.0, 0.0, 0.0, 0.0, 0.0, 0.0, 0.0, 0.0, 0.0], 'cv_mean_test_score': [0.9735354385034383, 0.972721188928692, 0.9731283137160652, 0.9710941400965082, 0.972721188928692, 0.9733321868920323, 0.9741462292785915, 0.9735358528798121, 0.9735356456916252, 0.9727220176814398, 0.9708877806622978, 0.9733321868920323, 0.9741464364667785, 0.9729252692928461, 0.9729252692928461, 0.972925476481033], 'cv_std_test_score': [0.00585671164380677, 0.0033591433977961027, 0.004660034566839016, 0.006632347327028106, 0.0054689378523527276, 0.006212262292446245, 0.005002678087167175, 0.006198485281859214, 0.006232430307349694, 0.006309125124010099, 0.0004891889916047848, 0.006077253442716754, 0.0055511019870030315, 0.005320707997187458, 0.005840046638877185, 0.006381352682283713]}
{'percent': [1, 2, 4, 5, 7, 9, 10, 12, 13, 15, 17, 18, 20, 21, 23, 25], 'n_components': [49, 98, 196, 245, 343, 442, 491, 589, 638, 736, 835, 884, 982, 1031, 1129, 1228], 'Score in test': [0.9769163860204741, 0.9804625643999375, 0.9813323817382965, 0.9805963824519928, 0.9805517764346411, 0.9819791689898968, 0.9822021990766554, 0.9817338358944622, 0.9808194125387515, 0.9817784419118138, 0.9702031804090372, 0.9821575930593037, 0.982090684033276, 0.9822021990766554, 0.9825144411981176, 0.9826928652675246], 'Training Time': [0.0905754566192627, 0.10236883163452148, 0.12516379356384277, 0.1619265079498291, 0.24117612838745117, 0.271909236907959, 0.3294410705566406, 0.38318705558776855, 0.399550199508667, 0.4641902446746826, 0.5234997272491455, 0.5736196041107178, 0.6839394569396973, 0.6802184581756592, 0.7078976631164551, 0.9581484794616699], 'Best Parameters': [{'fourier_random_features__gamma': 0.0004166666666666667, 'ridge_classification__alpha': 3.1622776601683795}, {'fourier_random_features__gamma': 3.2552083333333335e-06, 'ridge_classification__alpha': 0.0001}, {'fourier_random_features__gamma': 0.0004166666666666667, 'ridge_classification__alpha': 3.1622776601683795}, {'fourier_random_features__gamma': 0.0004166666666666667, 'ridge_classification__alpha': 3.1622776601683795}, {'fourier_random_features__gamma': 0.0004166666666666667, 'ridge_classification__alpha': 3.1622776601683795}, {'fourier_random_features__gamma': 0.0004166666666666667, 'ridge_classification__alpha': 3.1622776601683795}, {'fourier_random_features__gamma': 0.0004166666666666667, 'ridge_classification__alpha': 3.1622776601683795}, {'fourier_random_features__gamma': 0.0004166666666666667, 'ridge_classification__alpha': 3.1622776601683795}, {'fourier_random_features__gamma': 0.0004166666666666667, 'ridge_classification__alpha': 3.1622776601683795}, {'fourier_random_features__gamma': 0.0004166666666666667, 'ridge_classification__alpha': 3.1622776601683795}, {'fourier_random_features__gamma': 3.2552083333333335e-06, 'ridge_classification__alpha': 3.1622776601683795}, {'fourier_random_features__gamma': 0.0004166666666666667, 'ridge_classification__alpha': 3.1622776601683795}, {'fourier_random_features__gamma': 0.0004166666666666667, 'ridge_classification__alpha': 3.1622776601683795}, {'fourier_random_features__gamma': 0.0004166666666666667, 'ridge_classification__alpha': 3.1622776601683795}, {'fourier_random_features__gamma': 0.0004166666666666667, 'ridge_classification__alpha': 3.1622776601683795}, {'fourier_random_features__gamma': 0.0004166666666666667, 'ridge_classification__alpha': 3.1622776601683795}], 'Best Score in CV': [0.9735354385034383, 0.972721188928692, 0.9731283137160652, 0.9710941400965082, 0.972721188928692, 0.9733321868920323, 0.9741462292785915, 0.9735358528798121, 0.9735356456916252, 0.9727220176814398, 0.9708877806622978, 0.9733321868920323, 0.9741464364667785, 0.9729252692928461, 0.9729252692928461, 0.972925476481033], 'cv_mean_test_score': [0.9735354385034383, 0.972721188928692, 0.9731283137160652, 0.9710941400965082, 0.972721188928692, 0.9733321868920323, 0.9741462292785915, 0.9735358528798121, 0.9735356456916252, 0.9727220176814398, 0.9708877806622978, 0.9733321868920323, 0.9741464364667785, 0.9729252692928461, 0.9729252692928461, 0.972925476481033], 'cv_std_test_score': [0.00585671164380677, 0.0033591433977961027, 0.004660034566839016, 0.006632347327028106, 0.0054689378523527276, 0.006212262292446245, 0.005002678087167175, 0.006198485281859214, 0.006232430307349694, 0.006309125124010099, 0.0004891889916047848, 0.006077253442716754, 0.0055511019870030315, 0.005320707997187458, 0.005840046638877185, 0.006381352682283713]}
