
    --------------------
    'Model: Random Fourier features and SVC 
    	Dataset: Diabetes (classification) of shape (768, 8) 	CV: 5 	n_jobs: 5
    	 params: {'fourier_random_features__gamma': [0.0001220703125, 0.0008501470344688711, 0.005920767837931241, 0.0412346222116529, 0.2871745887492586, 2.0], 'svm__C': array([1.00000000e-04, 1.58489319e-03, 2.51188643e-02, 3.98107171e-01,
       6.30957344e+00, 1.00000000e+02])} 
    	 number of hyperparameter 36
    
        	 n components [7, 15, 30, 38, 53, 69, 76, 92, 99, 115, 130, 138, 153, 161, 176, 192]
        	 which correspond with the [1, 2, 4, 5, 7, 9, 10, 12, 13, 15, 17, 18, 20, 21, 23, 25] % of the data
        --------------------
        
{'percent': [1, 2, 4, 5, 7, 9, 10, 12, 13, 15, 17, 18, 20, 21, 23, 25], 'n_components': [7, 15, 30, 38, 53, 69, 76, 92, 99, 115, 130, 138, 153, 161, 176, 192], 'Mean Score in test': [0.7330729166666666, 0.7591145833333333, 0.7630208333333334, 0.7604166666666666, 0.7721354166666666, 0.76171875, 0.7747395833333333, 0.7747395833333334, 0.7682291666666667, 0.76953125, 0.7578125, 0.7708333333333333, 0.7669270833333333, 0.7669270833333334, 0.7630208333333333, 0.7786458333333334], 'Std Score in test': [0.019617863506926285, 0.018913852924913988, 0.04009063624567879, 0.032733867421813875, 0.03744480167851145, 0.023109686652732876, 0.038162372108731385, 0.04440466902338524, 0.036178239555858874, 0.036897466966939456, 0.03710366366868492, 0.04017512661599352, 0.02837824833034293, 0.03442527100625596, 0.030702672194144763, 0.041747967556982825], 'Mean Training Time': [0.011942386627197266, 0.030157148838043213, 0.019002854824066162, 0.02366858720779419, 0.020216047763824463, 0.029690027236938477, 0.040933191776275635, 0.04203653335571289, 0.050140559673309326, 0.05022549629211426, 0.04905217885971069, 0.041305482387542725, 0.04006516933441162, 0.04815411567687988, 0.05925947427749634, 0.03476661443710327], 'Std Training Time': [0.0018459620112303023, 0.011979915134843918, 0.0042950583314171, 0.0035060129625035606, 0.007579175468530337, 0.0037300295095623608, 0.0047160397521712055, 0.014257962652927357, 0.022440329626272782, 0.018891733633709877, 0.0031319800647294166, 0.013027009735799561, 0.0073749838417219065, 0.01631667351845708, 0.013308337325622917, 0.0108101190670153], 'Mean Best Score in CV': [0.750363568215892, 0.7794715142428786, 0.7738380809595202, 0.7799250374812593, 0.7777623688155922, 0.7786281859070465, 0.7747376311844077, 0.7764505247376312, 0.7760232383808097, 0.7773200899550226, 0.7773350824587706, 0.7781896551724139, 0.7764355322338832, 0.7764505247376312, 0.7760307346326837, 0.7747301349325337], 'Std Best Score in CV': [0.015530621580631197, 0.008589346417010393, 0.016493529276140093, 0.016269094562736085, 0.014059409243722582, 0.016550547714205825, 0.011735822235534845, 0.01607351065738932, 0.01478219957026039, 0.014861233317518366, 0.015260330313816758, 0.019315350531394933, 0.016685166026248737, 0.014079447318449572, 0.018581514555765975, 0.01566591998083398], 'cv_mean_test_score': [0.750363568215892, 0.7794715142428786, 0.7738380809595202, 0.7799250374812593, 0.7777623688155922, 0.7786281859070465, 0.7747376311844077, 0.7764505247376312, 0.7760232383808097, 0.7773200899550226, 0.7773350824587706, 0.7781896551724139, 0.7764355322338832, 0.7764505247376312, 0.7760307346326837, 0.7747301349325337], 'cv_std_test_score': [0.031861488106194186, 0.03307536837631162, 0.03447040832706626, 0.03697300458014223, 0.034851583628157726, 0.030944592056860724, 0.03553840556005199, 0.035065748344983674, 0.03561983042121886, 0.035598852030850385, 0.033458944327326184, 0.03834051847474733, 0.03453878933052684, 0.03270336155046667, 0.036462322544350216, 0.03792506281699761]}
{'percent': [1, 1, 1, 1, 2, 2, 2, 2, 4, 4, 4, 4, 5, 5, 5, 5, 7, 7, 7, 7, 9, 9, 9, 9, 10, 10, 10, 10, 12, 12, 12, 12, 13, 13, 13, 13, 15, 15, 15, 15, 17, 17, 17, 17, 18, 18, 18, 18, 20, 20, 20, 20, 21, 21, 21, 21, 23, 23, 23, 23, 25, 25, 25, 25], 'n_components': [7, 7, 7, 7, 15, 15, 15, 15, 30, 30, 30, 30, 38, 38, 38, 38, 53, 53, 53, 53, 69, 69, 69, 69, 76, 76, 76, 76, 92, 92, 92, 92, 99, 99, 99, 99, 115, 115, 115, 115, 130, 130, 130, 130, 138, 138, 138, 138, 153, 153, 153, 153, 161, 161, 161, 161, 176, 176, 176, 176, 192, 192, 192, 192], 'Score in test': [0.7135416666666666, 0.7552083333333334, 0.7135416666666666, 0.75, 0.7916666666666666, 0.7447916666666666, 0.75, 0.75, 0.796875, 0.75, 0.703125, 0.8020833333333334, 0.7760416666666666, 0.7604166666666666, 0.7083333333333334, 0.796875, 0.8072916666666666, 0.7552083333333334, 0.71875, 0.8072916666666666, 0.765625, 0.75, 0.734375, 0.796875, 0.8125, 0.7447916666666666, 0.7291666666666666, 0.8125, 0.8177083333333334, 0.7604166666666666, 0.7083333333333334, 0.8125, 0.78125, 0.7552083333333334, 0.71875, 0.8177083333333334, 0.8020833333333334, 0.75, 0.71875, 0.8072916666666666, 0.7864583333333334, 0.7447916666666666, 0.703125, 0.796875, 0.8125, 0.7447916666666666, 0.71875, 0.8072916666666666, 0.7916666666666666, 0.75, 0.7291666666666666, 0.796875, 0.8020833333333334, 0.75, 0.71875, 0.796875, 0.7916666666666666, 0.75, 0.71875, 0.7916666666666666, 0.8177083333333334, 0.7604166666666666, 0.71875, 0.8177083333333334], 'Training Time': [0.011383533477783203, 0.009167909622192383, 0.01342916488647461, 0.013788938522338867, 0.027848482131958008, 0.022368431091308594, 0.02008795738220215, 0.0503237247467041, 0.024512529373168945, 0.0218355655670166, 0.015384674072265625, 0.014278650283813477, 0.028369665145874023, 0.02568984031677246, 0.019866943359375, 0.020747900009155273, 0.027363300323486328, 0.02821516990661621, 0.012635946273803711, 0.012649774551391602, 0.02344489097595215, 0.032469987869262695, 0.030214548110961914, 0.03263068199157715, 0.04334449768066406, 0.043120384216308594, 0.032811880111694336, 0.04445600509643555, 0.03610396385192871, 0.04459381103515625, 0.06329107284545898, 0.024157285690307617, 0.037645816802978516, 0.08639335632324219, 0.04969978332519531, 0.02682328224182129, 0.0801694393157959, 0.02782917022705078, 0.0457913875579834, 0.04711198806762695, 0.05005359649658203, 0.04374527931213379, 0.05183839797973633, 0.050571441650390625, 0.05248308181762695, 0.0535585880279541, 0.02155160903930664, 0.0376286506652832, 0.03218698501586914, 0.042467355728149414, 0.034595489501953125, 0.051010847091674805, 0.03180265426635742, 0.07305407524108887, 0.0522768497467041, 0.03548288345336914, 0.060720205307006836, 0.055445194244384766, 0.07899689674377441, 0.041875600814819336, 0.05240678787231445, 0.031679391860961914, 0.022971630096435547, 0.03200864791870117], 'Best Parameters': [{'fourier_random_features__gamma': 0.0008501470344688711, 'svm__C': 100.0}, {'fourier_random_features__gamma': 0.0008501470344688711, 'svm__C': 100.0}, {'fourier_random_features__gamma': 0.005920767837931241, 'svm__C': 100.0}, {'fourier_random_features__gamma': 0.005920767837931241, 'svm__C': 100.0}, {'fourier_random_features__gamma': 0.005920767837931241, 'svm__C': 100.0}, {'fourier_random_features__gamma': 0.0008501470344688711, 'svm__C': 100.0}, {'fourier_random_features__gamma': 0.0001220703125, 'svm__C': 100.0}, {'fourier_random_features__gamma': 0.0412346222116529, 'svm__C': 100.0}, {'fourier_random_features__gamma': 0.005920767837931241, 'svm__C': 6.30957344480193}, {'fourier_random_features__gamma': 0.0412346222116529, 'svm__C': 6.30957344480193}, {'fourier_random_features__gamma': 0.005920767837931241, 'svm__C': 100.0}, {'fourier_random_features__gamma': 0.005920767837931241, 'svm__C': 6.30957344480193}, {'fourier_random_features__gamma': 0.0412346222116529, 'svm__C': 6.30957344480193}, {'fourier_random_features__gamma': 0.0008501470344688711, 'svm__C': 100.0}, {'fourier_random_features__gamma': 0.0412346222116529, 'svm__C': 6.30957344480193}, {'fourier_random_features__gamma': 0.0001220703125, 'svm__C': 100.0}, {'fourier_random_features__gamma': 0.0001220703125, 'svm__C': 100.0}, {'fourier_random_features__gamma': 0.0008501470344688711, 'svm__C': 100.0}, {'fourier_random_features__gamma': 0.005920767837931241, 'svm__C': 6.30957344480193}, {'fourier_random_features__gamma': 0.005920767837931241, 'svm__C': 6.30957344480193}, {'fourier_random_features__gamma': 0.0412346222116529, 'svm__C': 6.30957344480193}, {'fourier_random_features__gamma': 0.0008501470344688711, 'svm__C': 100.0}, {'fourier_random_features__gamma': 0.0412346222116529, 'svm__C': 6.30957344480193}, {'fourier_random_features__gamma': 0.005920767837931241, 'svm__C': 6.30957344480193}, {'fourier_random_features__gamma': 0.0008501470344688711, 'svm__C': 100.0}, {'fourier_random_features__gamma': 0.0001220703125, 'svm__C': 100.0}, {'fourier_random_features__gamma': 0.0008501470344688711, 'svm__C': 6.30957344480193}, {'fourier_random_features__gamma': 0.0412346222116529, 'svm__C': 0.3981071705534969}, {'fourier_random_features__gamma': 0.0008501470344688711, 'svm__C': 100.0}, {'fourier_random_features__gamma': 0.0008501470344688711, 'svm__C': 100.0}, {'fourier_random_features__gamma': 0.0412346222116529, 'svm__C': 6.30957344480193}, {'fourier_random_features__gamma': 0.0412346222116529, 'svm__C': 0.3981071705534969}, {'fourier_random_features__gamma': 0.005920767837931241, 'svm__C': 100.0}, {'fourier_random_features__gamma': 0.0008501470344688711, 'svm__C': 100.0}, {'fourier_random_features__gamma': 0.005920767837931241, 'svm__C': 100.0}, {'fourier_random_features__gamma': 0.0008501470344688711, 'svm__C': 6.30957344480193}, {'fourier_random_features__gamma': 0.0412346222116529, 'svm__C': 0.3981071705534969}, {'fourier_random_features__gamma': 0.0001220703125, 'svm__C': 100.0}, {'fourier_random_features__gamma': 0.005920767837931241, 'svm__C': 6.30957344480193}, {'fourier_random_features__gamma': 0.0001220703125, 'svm__C': 100.0}, {'fourier_random_features__gamma': 0.0412346222116529, 'svm__C': 6.30957344480193}, {'fourier_random_features__gamma': 0.0001220703125, 'svm__C': 100.0}, {'fourier_random_features__gamma': 0.005920767837931241, 'svm__C': 100.0}, {'fourier_random_features__gamma': 0.0008501470344688711, 'svm__C': 6.30957344480193}, {'fourier_random_features__gamma': 0.0008501470344688711, 'svm__C': 100.0}, {'fourier_random_features__gamma': 0.0008501470344688711, 'svm__C': 100.0}, {'fourier_random_features__gamma': 0.0412346222116529, 'svm__C': 0.3981071705534969}, {'fourier_random_features__gamma': 0.0008501470344688711, 'svm__C': 6.30957344480193}, {'fourier_random_features__gamma': 0.0008501470344688711, 'svm__C': 6.30957344480193}, {'fourier_random_features__gamma': 0.0001220703125, 'svm__C': 100.0}, {'fourier_random_features__gamma': 0.005920767837931241, 'svm__C': 100.0}, {'fourier_random_features__gamma': 0.005920767837931241, 'svm__C': 6.30957344480193}, {'fourier_random_features__gamma': 0.0412346222116529, 'svm__C': 0.3981071705534969}, {'fourier_random_features__gamma': 0.0001220703125, 'svm__C': 100.0}, {'fourier_random_features__gamma': 0.0412346222116529, 'svm__C': 0.3981071705534969}, {'fourier_random_features__gamma': 0.005920767837931241, 'svm__C': 6.30957344480193}, {'fourier_random_features__gamma': 0.0412346222116529, 'svm__C': 0.3981071705534969}, {'fourier_random_features__gamma': 0.0001220703125, 'svm__C': 100.0}, {'fourier_random_features__gamma': 0.0412346222116529, 'svm__C': 6.30957344480193}, {'fourier_random_features__gamma': 0.0008501470344688711, 'svm__C': 6.30957344480193}, {'fourier_random_features__gamma': 0.0008501470344688711, 'svm__C': 100.0}, {'fourier_random_features__gamma': 0.0008501470344688711, 'svm__C': 100.0}, {'fourier_random_features__gamma': 0.0412346222116529, 'svm__C': 0.3981071705534969}, {'fourier_random_features__gamma': 0.005920767837931241, 'svm__C': 6.30957344480193}], 'Best Score in CV': [0.7482008995502248, 0.7481709145427285, 0.7742878560719639, 0.7307946026986506, 0.765592203898051, 0.784647676161919, 0.7881709145427285, 0.7794752623688156, 0.7638680659670165, 0.774287856071964, 0.8003148425787107, 0.7568815592203898, 0.7708245877061468, 0.7846776611694153, 0.803823088455772, 0.7603748125937031, 0.7690854572713643, 0.7847376311844079, 0.7968515742128937, 0.7603748125937031, 0.7621589205397301, 0.7829385307346326, 0.8038380809595204, 0.7655772113943029, 0.7621589205397301, 0.7794902548725637, 0.79167916041979, 0.7656221889055473, 0.7656221889055473, 0.7777661169415293, 0.8020539730134931, 0.7603598200899551, 0.7604197901049476, 0.7829535232383809, 0.7968665667166416, 0.7638530734632685, 0.7673463268365818, 0.7881709145427287, 0.7951274362818591, 0.7586356821589206, 0.7656671664167914, 0.7846926536731634, 0.7986206896551725, 0.7603598200899551, 0.7656071964017992, 0.7795052473763119, 0.8090104947526238, 0.7586356821589205, 0.7586356821589206, 0.786431784107946, 0.7985907046476762, 0.7620839580209895, 0.7656221889055472, 0.7846926536731634, 0.795127436281859, 0.7603598200899551, 0.7621889055472264, 0.7846926536731634, 0.8020839580209895, 0.7551574212893554, 0.7604047976011994, 0.7847076461769116, 0.7951724137931035, 0.7586356821589205], 'cv_mean_test_score': [0.7482008995502248, 0.7481709145427285, 0.7742878560719639, 0.7307946026986506, 0.765592203898051, 0.784647676161919, 0.7881709145427285, 0.7794752623688156, 0.7638680659670165, 0.774287856071964, 0.8003148425787107, 0.7568815592203898, 0.7708245877061468, 0.7846776611694153, 0.803823088455772, 0.7603748125937031, 0.7690854572713643, 0.7847376311844079, 0.7968515742128937, 0.7603748125937031, 0.7621589205397301, 0.7829385307346326, 0.8038380809595204, 0.7655772113943029, 0.7621589205397301, 0.7794902548725637, 0.79167916041979, 0.7656221889055473, 0.7656221889055473, 0.7777661169415293, 0.8020539730134931, 0.7603598200899551, 0.7604197901049476, 0.7829535232383809, 0.7968665667166416, 0.7638530734632685, 0.7673463268365818, 0.7881709145427287, 0.7951274362818591, 0.7586356821589206, 0.7656671664167914, 0.7846926536731634, 0.7986206896551725, 0.7603598200899551, 0.7656071964017992, 0.7795052473763119, 0.8090104947526238, 0.7586356821589205, 0.7586356821589206, 0.786431784107946, 0.7985907046476762, 0.7620839580209895, 0.7656221889055472, 0.7846926536731634, 0.795127436281859, 0.7603598200899551, 0.7621889055472264, 0.7846926536731634, 0.8020839580209895, 0.7551574212893554, 0.7604047976011994, 0.7847076461769116, 0.7951724137931035, 0.7586356821589205], 'cv_std_test_score': [0.04111145735116284, 0.03656534891126861, 0.018433220864045145, 0.031335925298300135, 0.03625142763330909, 0.043387549480584944, 0.03201762819452229, 0.02064486819683017, 0.03717391228765533, 0.032178188347632516, 0.031292354397734076, 0.03723717827524311, 0.04355115638650244, 0.030095209783579668, 0.03414033751976357, 0.040105314630723234, 0.02680438295196942, 0.039333244324805665, 0.029554936767638176, 0.04371377046821764, 0.016013678465378673, 0.03911433607043519, 0.028749602670495752, 0.039900751021133274, 0.03868479691505775, 0.03474205359444757, 0.031014631259632795, 0.037712140471069855, 0.037712140471069834, 0.04069263809624621, 0.02735413431775096, 0.03450408049486771, 0.02723655603335242, 0.0378684528568741, 0.03239409298614935, 0.04498021980849955, 0.03873204169551783, 0.03429806479470853, 0.03287586359910583, 0.036489438034069344, 0.029744160162248255, 0.03334989365109892, 0.03171308293025377, 0.039028640565703786, 0.040129933787776066, 0.035516086387152, 0.04122661568999193, 0.03648943803406932, 0.03207836687120262, 0.03518590829217881, 0.023745324142265874, 0.047145558016460073, 0.019845658250259086, 0.035544959417601905, 0.03678361221541265, 0.03863921631859306, 0.04466361229264159, 0.03334989365109892, 0.029295996825609738, 0.03853978740805061, 0.03467868204472159, 0.03987983451819354, 0.03524997487419229, 0.04189175983088303]}
