Param grid: {'kernel_svm__gamma': array([1.22070312e-04, 3.90625000e-03, 1.25000000e-01, 4.00000000e+00,
       1.28000000e+02, 4.09600000e+03, 1.31072000e+05]), 'kernel_svm__C': array([1.00000000e-04, 1.58489319e-03, 2.51188643e-02, 3.98107171e-01,
       6.30957344e+00, 1.00000000e+02])}
Kernel SVC seed 111
Best parameters {'kernel_svm__C': 6.30957344480193, 'kernel_svm__gamma': 0.00390625}
Score  0.8008658008658008
Kernel SVC seed 222
Best parameters {'kernel_svm__C': 6.30957344480193, 'kernel_svm__gamma': 0.00390625}
Score  0.8008658008658008
Kernel SVC seed 333
Best parameters {'kernel_svm__C': 6.30957344480193, 'kernel_svm__gamma': 0.00390625}
Score  0.8008658008658008
Kernel SVC seed 444
Best parameters {'kernel_svm__C': 6.30957344480193, 'kernel_svm__gamma': 0.00390625}
Score  0.8008658008658008
Kernel SVC seed 555
Best parameters {'kernel_svm__C': 6.30957344480193, 'kernel_svm__gamma': 0.00390625}
Score  0.8008658008658008
mean_score 0.8008658008658008+-0.0 c_mode 6.30957344480193 gamma_mode 0.00390625
{'RFF': {'n_components': [27, 27, 27, 27, 27, 34, 34, 34, 34, 34, 41, 41, 41, 41, 41, 48, 48, 48, 48, 48, 55, 55, 55, 55, 55, 62, 62, 62, 62, 62, 69, 69, 69, 69, 69, 76, 76, 76, 76, 76, 83, 83, 83, 83, 83, 90, 90, 90, 90, 90, 98, 98, 98, 98, 98, 105, 105, 105, 105, 105, 112, 112, 112, 112, 112, 119, 119, 119, 119, 119, 126, 126, 126, 126, 126, 133, 133, 133, 133, 133, 140, 140, 140, 140, 140, 147, 147, 147, 147, 147, 154, 154, 154, 154, 154, 161, 161, 161, 161, 161], 'fit-time-random-feature': [0.00017189979553222656, 0.0001590251922607422, 0.00016307830810546875, 0.00012993812561035156, 0.00014090538024902344, 0.00013184547424316406, 0.00014281272888183594, 0.0001399517059326172, 0.00014901161193847656, 0.0001480579376220703, 0.00016021728515625, 0.00015306472778320312, 0.00015211105346679688, 0.00015425682067871094, 0.00014901161193847656, 0.00015497207641601562, 0.0001590251922607422, 0.00015878677368164062, 0.0001590251922607422, 0.00015783309936523438, 0.00014400482177734375, 0.0001342296600341797, 0.00013399124145507812, 0.0001399517059326172, 0.00012612342834472656, 0.00012993812561035156, 0.0001862049102783203, 0.0001361370086669922, 0.00014019012451171875, 0.00013899803161621094, 0.0001437664031982422, 0.00013899803161621094, 0.00013518333435058594, 0.0001518726348876953, 0.0001552104949951172, 0.00014209747314453125, 0.00015115737915039062, 0.0001480579376220703, 0.00015592575073242188, 0.00015616416931152344, 0.00018906593322753906, 0.00012230873107910156, 0.00012421607971191406, 0.00012493133544921875, 0.00014495849609375, 0.00013780593872070312, 0.00013184547424316406, 0.00013399124145507812, 0.00013780593872070312, 0.00013113021850585938, 0.0001392364501953125, 0.00013685226440429688, 0.00013518333435058594, 0.00014710426330566406, 0.00015211105346679688, 0.00014281272888183594, 0.00013494491577148438, 0.00014209747314453125, 0.00013899803161621094, 0.0001380443572998047, 0.00011777877807617188, 0.00011491775512695312, 0.00011682510375976562, 0.00011801719665527344, 0.00011801719665527344, 0.00011897087097167969, 0.00012111663818359375, 0.00012302398681640625, 0.0001239776611328125, 0.000125885009765625, 0.0001239776611328125, 0.0001239776611328125, 0.000125885009765625, 0.00013303756713867188, 0.0001289844512939453, 0.00013113021850585938, 0.00013017654418945312, 0.000141143798828125, 0.00014090538024902344, 0.0001361370086669922, 0.00013375282287597656, 0.00012183189392089844, 0.0001227855682373047, 0.0001239776611328125, 0.00012302398681640625, 0.00012302398681640625, 0.0001227855682373047, 0.0001239776611328125, 0.00012493133544921875, 0.00012493133544921875, 0.00012803077697753906, 0.0001270771026611328, 0.00012993812561035156, 0.0001289844512939453, 0.00013399124145507812, 0.00013208389282226562, 0.00013113021850585938, 0.00013184547424316406, 0.0001380443572998047, 0.0001430511474609375], 'transform-time-random-feature': [0.00015306472778320312, 0.00020575523376464844, 0.00019502639770507812, 0.00022792816162109375, 0.00024819374084472656, 0.0010139942169189453, 0.0003807544708251953, 0.0005240440368652344, 0.000408172607421875, 0.0004820823669433594, 0.0007147789001464844, 0.0005042552947998047, 0.0007679462432861328, 0.0019829273223876953, 0.0008730888366699219, 0.000640869140625, 0.0007078647613525391, 0.0006940364837646484, 0.0010869503021240234, 0.0008771419525146484, 0.00013303756713867188, 0.0001709461212158203, 0.00018906593322753906, 0.000202178955078125, 0.00023889541625976562, 0.0003228187561035156, 0.0004329681396484375, 0.00038695335388183594, 0.0004200935363769531, 0.0004558563232421875, 0.0005097389221191406, 0.0005488395690917969, 0.0004999637603759766, 0.0005781650543212891, 0.0006196498870849609, 0.0006887912750244141, 0.0006809234619140625, 0.0006921291351318359, 0.0006949901580810547, 0.0007519721984863281, 0.0001480579376220703, 0.0001671314239501953, 0.00019669532775878906, 0.00020575523376464844, 0.000225067138671875, 0.0003330707550048828, 0.0003802776336669922, 0.0005629062652587891, 0.0004143714904785156, 0.00044083595275878906, 0.0007658004760742188, 0.0005161762237548828, 0.0005230903625488281, 0.0005550384521484375, 0.0007040500640869141, 0.0006220340728759766, 0.0010879039764404297, 0.001283884048461914, 0.0006518363952636719, 0.0007200241088867188, 0.0001251697540283203, 0.0001621246337890625, 0.00017213821411132812, 0.00020599365234375, 0.00023293495178222656, 0.0003230571746826172, 0.0003457069396972656, 0.0003848075866699219, 0.0004029273986816406, 0.0004448890686035156, 0.0004420280456542969, 0.0004978179931640625, 0.0005161762237548828, 0.0007839202880859375, 0.0005559921264648438, 0.0005590915679931641, 0.0006129741668701172, 0.0006840229034423828, 0.0009250640869140625, 0.0009160041809082031, 0.00014901161193847656, 0.00014519691467285156, 0.00018286705017089844, 0.0001900196075439453, 0.0002529621124267578, 0.00035190582275390625, 0.0003409385681152344, 0.0003788471221923828, 0.0004200935363769531, 0.0004248619079589844, 0.000453948974609375, 0.0004799365997314453, 0.0005359649658203125, 0.0015769004821777344, 0.0007560253143310547, 0.0005779266357421875, 0.0006260871887207031, 0.0006277561187744141, 0.0006937980651855469, 0.0007481575012207031], 'training-time-SVC-kernel-linear': [0.004364013671875, 0.004828214645385742, 0.005110025405883789, 0.00538325309753418, 0.0061838626861572266, 0.00658416748046875, 0.007097005844116211, 0.007396221160888672, 0.00809478759765625, 0.008181095123291016, 0.008850336074829102, 0.00933694839477539, 0.009431123733520508, 0.010451316833496094, 0.010852813720703125, 0.011601924896240234, 0.011811017990112305, 0.012225866317749023, 0.012759923934936523, 0.013437747955322266, 0.0046389102935791016, 0.004914045333862305, 0.00518488883972168, 0.0055348873138427734, 0.005955219268798828, 0.006610870361328125, 0.007043123245239258, 0.0070819854736328125, 0.007894754409790039, 0.008159160614013672, 0.008543014526367188, 0.009407997131347656, 0.00906991958618164, 0.010355949401855469, 0.010103940963745117, 0.011035919189453125, 0.011606931686401367, 0.012396097183227539, 0.012516975402832031, 0.013233184814453125, 0.004708051681518555, 0.004770040512084961, 0.005012035369873047, 0.005059957504272461, 0.006320953369140625, 0.006622791290283203, 0.007150888442993164, 0.006996870040893555, 0.008198976516723633, 0.008140087127685547, 0.008754968643188477, 0.009321928024291992, 0.009505748748779297, 0.00983881950378418, 0.010648727416992188, 0.011172056198120117, 0.01117706298828125, 0.01243901252746582, 0.012341976165771484, 0.013029813766479492, 0.004501819610595703, 0.004470109939575195, 0.0051767826080322266, 0.005450010299682617, 0.006453037261962891, 0.006165981292724609, 0.007002115249633789, 0.007269859313964844, 0.008089065551757812, 0.008153915405273438, 0.008650064468383789, 0.009359121322631836, 0.009382009506225586, 0.010394096374511719, 0.010470151901245117, 0.010921001434326172, 0.011421918869018555, 0.012392997741699219, 0.012413978576660156, 0.013243913650512695, 0.004517316818237305, 0.004793882369995117, 0.005216836929321289, 0.005259037017822266, 0.006339073181152344, 0.006491184234619141, 0.006988048553466797, 0.006990194320678711, 0.007957935333251953, 0.008018016815185547, 0.008443117141723633, 0.009132862091064453, 0.009387016296386719, 0.010259866714477539, 0.010197162628173828, 0.011030912399291992, 0.011115074157714844, 0.012363910675048828, 0.01253509521484375, 0.013175010681152344], 'prediction-time-SVC-kernel-linear': [0.0011510848999023438, 0.0012831687927246094, 0.0013959407806396484, 0.0014760494232177734, 0.0017349720001220703, 0.0019462108612060547, 0.002176046371459961, 0.0022962093353271484, 0.0025758743286132812, 0.0026149749755859375, 0.0028238296508789062, 0.0030460357666015625, 0.003113985061645508, 0.0035130977630615234, 0.003598928451538086, 0.003779172897338867, 0.0038940906524658203, 0.00418400764465332, 0.004373788833618164, 0.004544973373413086, 0.0012431144714355469, 0.001318216323852539, 0.001463174819946289, 0.0015697479248046875, 0.0018301010131835938, 0.002023935317993164, 0.002165079116821289, 0.0022683143615722656, 0.0025129318237304688, 0.002660036087036133, 0.0027778148651123047, 0.0030362606048583984, 0.0031690597534179688, 0.003437042236328125, 0.003421783447265625, 0.0036699771881103516, 0.003944873809814453, 0.004212856292724609, 0.004238128662109375, 0.004546165466308594, 0.0012481212615966797, 0.0012822151184082031, 0.0014119148254394531, 0.0015578269958496094, 0.0018529891967773438, 0.0019450187683105469, 0.0021839141845703125, 0.002357959747314453, 0.0025899410247802734, 0.002620220184326172, 0.002844095230102539, 0.0030450820922851562, 0.003139972686767578, 0.0033609867095947266, 0.003496885299682617, 0.0037550926208496094, 0.003778219223022461, 0.004263877868652344, 0.0042302608489990234, 0.0044689178466796875, 0.001210927963256836, 0.0012578964233398438, 0.0014009475708007812, 0.001600027084350586, 0.0018699169158935547, 0.001967191696166992, 0.0021560192108154297, 0.0022482872009277344, 0.002566099166870117, 0.002635955810546875, 0.0027790069580078125, 0.003008127212524414, 0.003110170364379883, 0.003426074981689453, 0.0035238265991210938, 0.003651142120361328, 0.003814220428466797, 0.004176139831542969, 0.004179954528808594, 0.004496335983276367, 0.0011739730834960938, 0.0012826919555664062, 0.0014650821685791016, 0.0015227794647216797, 0.0018570423126220703, 0.0019729137420654297, 0.002167940139770508, 0.002218961715698242, 0.0025191307067871094, 0.0025787353515625, 0.002783060073852539, 0.003020048141479492, 0.0030870437622070312, 0.0034050941467285156, 0.0034317970275878906, 0.003690958023071289, 0.0037598609924316406, 0.004173994064331055, 0.0042989253997802734, 0.004455089569091797], 'score-in-test-SVC-kernel-linear': [0.8008658008658008, 0.8051948051948052, 0.8008658008658008, 0.8095238095238095, 0.8051948051948052, 0.7965367965367965, 0.8095238095238095, 0.8051948051948052, 0.8095238095238095, 0.8051948051948052, 0.8095238095238095, 0.8008658008658008, 0.8138528138528138, 0.8095238095238095, 0.8051948051948052, 0.8095238095238095, 0.8095238095238095, 0.8051948051948052, 0.8051948051948052, 0.8051948051948052, 0.8225108225108225, 0.8051948051948052, 0.8008658008658008, 0.7965367965367965, 0.8138528138528138, 0.8095238095238095, 0.8095238095238095, 0.8138528138528138, 0.8138528138528138, 0.8051948051948052, 0.8051948051948052, 0.8051948051948052, 0.8008658008658008, 0.8095238095238095, 0.8008658008658008, 0.8095238095238095, 0.8138528138528138, 0.8138528138528138, 0.7965367965367965, 0.8008658008658008, 0.7792207792207793, 0.7965367965367965, 0.7878787878787878, 0.7878787878787878, 0.8138528138528138, 0.8138528138528138, 0.7922077922077922, 0.8051948051948052, 0.7922077922077922, 0.8095238095238095, 0.8095238095238095, 0.8008658008658008, 0.8051948051948052, 0.8051948051948052, 0.8138528138528138, 0.8008658008658008, 0.8008658008658008, 0.8095238095238095, 0.8095238095238095, 0.8008658008658008, 0.8138528138528138, 0.8051948051948052, 0.8181818181818182, 0.8181818181818182, 0.8008658008658008, 0.8051948051948052, 0.8008658008658008, 0.7965367965367965, 0.8051948051948052, 0.8095238095238095, 0.8095238095238095, 0.8051948051948052, 0.8051948051948052, 0.8008658008658008, 0.8051948051948052, 0.8051948051948052, 0.8095238095238095, 0.8095238095238095, 0.8051948051948052, 0.8095238095238095, 0.7922077922077922, 0.8051948051948052, 0.8051948051948052, 0.8008658008658008, 0.8138528138528138, 0.7965367965367965, 0.7965367965367965, 0.8008658008658008, 0.8095238095238095, 0.8095238095238095, 0.7965367965367965, 0.8051948051948052, 0.8051948051948052, 0.8008658008658008, 0.8008658008658008, 0.8051948051948052, 0.8051948051948052, 0.8095238095238095, 0.8138528138528138, 0.8051948051948052]}}
