
    --------------------
    'Model: Random Fourier features and ridge regression 
    	Dataset: CPU_SMALL (regression) of shape (8192, 12) 	CV: 5 	n_jobs: 5
    	 params: {'regressor__fourier_random_features__gamma': [8.138020833333333e-05, 0.0009207119546699839, 0.010416666666666666, 0.11785113019775793, 1.3333333333333333], 'regressor__ridge_regression__alpha': array([1.00000000e-04, 3.16227766e-03, 1.00000000e-01, 3.16227766e+00,
       1.00000000e+02])} 
    	 number of hyperparameter 25
    
        	 n components [81, 163, 327, 409, 573, 737, 819, 983, 1064, 1228, 1392, 1474, 1638, 1720, 1884, 2048]
        	 which correspond with the [1, 2, 4, 5, 7, 9, 10, 12, 13, 15, 17, 18, 20, 21, 23, 25] % of the data
        --------------------
        
{'percent': [1, 2, 4, 5, 7, 9, 10, 12, 13, 15, 17, 18, 20, 21, 23, 25], 'n_components': [81, 163, 327, 409, 573, 737, 819, 983, 1064, 1228, 1392, 1474, 1638, 1720, 1884, 2048], 'Mean Score in test': [0.8724453115671932, 0.9515753604192927, 0.9508793513926876, 0.9524738447361656, 0.9617619283966945, 0.960398689525136, 0.9348620944141384, 0.9599450164144632, 0.9656939535975624, 0.9697954238621881, 0.9525469607784615, 0.9698327611522088, 0.9684728738452397, 0.9680014534847047, 0.9681889061598979, 0.9694530726272239], 'Std Score in test': [0.08867411726172945, 0.005603343862097424, 0.014398406641096005, 0.016158501406124768, 0.002620002764239807, 0.0026513441614741035, 0.05454534318889026, 0.015564001668274013, 0.0061503393579437175, 0.0026047192633613346, 0.027483972393482714, 0.0010559281700343941, 0.0018278021434135843, 0.0016892215198053258, 0.002101038612522105, 0.00301511205845954], 'Mean Training Time': [0.05554509162902832, 0.12499982118606567, 0.17268812656402588, 0.2046947479248047, 0.3093010187149048, 0.4289775490760803, 0.4438595771789551, 0.5613188147544861, 0.64716637134552, 0.73358553647995, 0.8959896564483643, 0.898963987827301, 1.0862863063812256, 1.1243990063667297, 1.31551992893219, 1.4520648121833801], 'Std Training Time': [0.02138664356462697, 0.0338682708426921, 0.03140692956227497, 0.005156732907859514, 0.019851281188645244, 0.026229393899696297, 0.018765575537027294, 0.02911205556092053, 0.023292257019271036, 0.05488471948507931, 0.00861850573687318, 0.08925539996915921, 0.07355983198727305, 0.11218869814086371, 0.1374763159441636, 0.07640941240758724], 'Mean Best Score in CV': [0.9154082000777903, 0.9462522691777034, 0.9553051425591417, 0.9601039513819534, 0.9588527433876465, 0.9606547646863972, 0.9639279503868647, 0.9665164587090893, 0.9641387463705682, 0.9642043143975856, 0.9662974033846973, 0.9653211833561453, 0.9677166410945809, 0.9664218861448753, 0.9680862345167283, 0.9673801969594787], 'Std Best Score in CV': [0.003881521142151229, 0.006827988674380065, 0.007726260768500412, 0.0060640017402058795, 0.003383916850103147, 0.004323316836627529, 0.0017869705948478502, 0.001727239743603987, 0.004148855618023487, 0.002545073583295653, 0.002233187928600449, 0.0010714983705049136, 0.0009288603277265236, 0.002093390735456708, 0.00034499985920546445, 0.00184719205514824], 'cv_mean_test_score': [0.9154082000777903, 0.9462522691777034, 0.9553051425591417, 0.9601039513819534, 0.9588527433876465, 0.9606547646863972, 0.9639279503868647, 0.9665164587090893, 0.9641387463705682, 0.9642043143975856, 0.9662974033846973, 0.9653211833561453, 0.9677166410945809, 0.9664218861448753, 0.9680862345167283, 0.9673801969594787], 'cv_std_test_score': [0.014745231995812721, 0.008282836865366268, 0.005937616085936601, 0.005123702407316486, 0.003369147401563986, 0.0034236101094371947, 0.0046436490360348085, 0.0034037536918075043, 0.00531524087598462, 0.004837577243393986, 0.0031500920238383577, 0.004208014568462009, 0.0029663317916213097, 0.004980168109896357, 0.0026583791214694254, 0.003222170254445767]}
{'percent': [1, 1, 1, 1, 2, 2, 2, 2, 4, 4, 4, 4, 5, 5, 5, 5, 7, 7, 7, 7, 9, 9, 9, 9, 10, 10, 10, 10, 12, 12, 12, 12, 13, 13, 13, 13, 15, 15, 15, 15, 17, 17, 17, 17, 18, 18, 18, 18, 20, 20, 20, 20, 21, 21, 21, 21, 23, 23, 23, 23, 25, 25, 25, 25], 'n_components': [81, 81, 81, 81, 163, 163, 163, 163, 327, 327, 327, 327, 409, 409, 409, 409, 573, 573, 573, 573, 737, 737, 737, 737, 819, 819, 819, 819, 983, 983, 983, 983, 1064, 1064, 1064, 1064, 1228, 1228, 1228, 1228, 1392, 1392, 1392, 1392, 1474, 1474, 1474, 1474, 1638, 1638, 1638, 1638, 1720, 1720, 1720, 1720, 1884, 1884, 1884, 1884, 2048, 2048, 2048, 2048], 'Score in test': [0.9244945165653258, 0.9283762199672441, 0.7189938111111034, 0.9179166986250996, 0.9459485169853434, 0.9515107105547859, 0.9481870171137127, 0.9606551970233287, 0.9624630516121452, 0.9606166887606191, 0.9265629678604124, 0.9538746973375739, 0.9555229324557505, 0.9657315539791826, 0.9252630452399954, 0.9633778472697339, 0.965833164603523, 0.9619445969113445, 0.9586859045921869, 0.9605840474797236, 0.962928032204132, 0.962437755784358, 0.9562266347256714, 0.9600023353863824, 0.9635641430524662, 0.9716884878010558, 0.8405600856149761, 0.9636356611880553, 0.9665008723282984, 0.9713575591287464, 0.9331521739864219, 0.9687694602143856, 0.9664797149507477, 0.9710159012650641, 0.9554389153563656, 0.9698412828180718, 0.9682436451213321, 0.9705112027162133, 0.9736680182267962, 0.966758829384411, 0.9675497836214534, 0.969495850042332, 0.9049588487134307, 0.9681833607366298, 0.9685074126198617, 0.9714145722019154, 0.969994681371653, 0.969414378415405, 0.9668612603380479, 0.9681814340741169, 0.9715303921243451, 0.9673184088444492, 0.9679719455577709, 0.9699429624026098, 0.9653402146068955, 0.9687506913715426, 0.968167883658647, 0.9713164561150454, 0.9654006958902145, 0.9678705889756846, 0.9648555000519273, 0.973273513663975, 0.9702467265879814, 0.9694365502050123], 'Training Time': [0.03610420227050781, 0.09175252914428711, 0.047347307205200195, 0.046976327896118164, 0.1582932472229004, 0.08312320709228516, 0.1583542823791504, 0.10022854804992676, 0.18724942207336426, 0.13489985466003418, 0.15239667892456055, 0.21620655059814453, 0.20915007591247559, 0.20702624320983887, 0.20668888092041016, 0.19591379165649414, 0.28302478790283203, 0.298830509185791, 0.33478283882141113, 0.32056593894958496, 0.42923903465270996, 0.41480302810668945, 0.40090441703796387, 0.470963716506958, 0.4670391082763672, 0.4564647674560547, 0.41996169090270996, 0.4319727420806885, 0.520463228225708, 0.5991618633270264, 0.5509037971496582, 0.5747463703155518, 0.6098406314849854, 0.6487438678741455, 0.6732699871063232, 0.656810998916626, 0.7497498989105225, 0.6455965042114258, 0.7965772151947021, 0.7424185276031494, 0.8844988346099854, 0.8908445835113525, 0.9046447277069092, 0.90397047996521, 0.8132975101470947, 0.8082058429718018, 1.0062484741210938, 0.9681041240692139, 1.0416765213012695, 1.0489671230316162, 1.2135794162750244, 1.0409221649169922, 1.0076422691345215, 1.0454857349395752, 1.2975413799285889, 1.1469266414642334, 1.3093252182006836, 1.4259381294250488, 1.4336097240447998, 1.0932066440582275, 1.346219778060913, 1.4709296226501465, 1.432262897491455, 1.5588469505310059], 'Best Parameters': [{'regressor__fourier_random_features__gamma': 0.010416666666666666, 'regressor__ridge_regression__alpha': 0.0031622776601683794}, {'regressor__fourier_random_features__gamma': 0.010416666666666666, 'regressor__ridge_regression__alpha': 0.1}, {'regressor__fourier_random_features__gamma': 0.010416666666666666, 'regressor__ridge_regression__alpha': 0.0031622776601683794}, {'regressor__fourier_random_features__gamma': 0.010416666666666666, 'regressor__ridge_regression__alpha': 0.1}, {'regressor__fourier_random_features__gamma': 0.010416666666666666, 'regressor__ridge_regression__alpha': 0.1}, {'regressor__fourier_random_features__gamma': 0.010416666666666666, 'regressor__ridge_regression__alpha': 0.1}, {'regressor__fourier_random_features__gamma': 0.0009207119546699839, 'regressor__ridge_regression__alpha': 0.0001}, {'regressor__fourier_random_features__gamma': 0.0009207119546699839, 'regressor__ridge_regression__alpha': 0.0001}, {'regressor__fourier_random_features__gamma': 0.010416666666666666, 'regressor__ridge_regression__alpha': 0.0031622776601683794}, {'regressor__fourier_random_features__gamma': 0.010416666666666666, 'regressor__ridge_regression__alpha': 0.1}, {'regressor__fourier_random_features__gamma': 0.010416666666666666, 'regressor__ridge_regression__alpha': 0.0031622776601683794}, {'regressor__fourier_random_features__gamma': 0.010416666666666666, 'regressor__ridge_regression__alpha': 0.1}, {'regressor__fourier_random_features__gamma': 0.010416666666666666, 'regressor__ridge_regression__alpha': 0.0031622776601683794}, {'regressor__fourier_random_features__gamma': 0.010416666666666666, 'regressor__ridge_regression__alpha': 0.0031622776601683794}, {'regressor__fourier_random_features__gamma': 0.010416666666666666, 'regressor__ridge_regression__alpha': 0.0031622776601683794}, {'regressor__fourier_random_features__gamma': 0.0009207119546699839, 'regressor__ridge_regression__alpha': 0.0001}, {'regressor__fourier_random_features__gamma': 0.010416666666666666, 'regressor__ridge_regression__alpha': 0.0031622776601683794}, {'regressor__fourier_random_features__gamma': 0.010416666666666666, 'regressor__ridge_regression__alpha': 0.1}, {'regressor__fourier_random_features__gamma': 0.010416666666666666, 'regressor__ridge_regression__alpha': 0.0031622776601683794}, {'regressor__fourier_random_features__gamma': 0.010416666666666666, 'regressor__ridge_regression__alpha': 0.1}, {'regressor__fourier_random_features__gamma': 0.010416666666666666, 'regressor__ridge_regression__alpha': 0.0031622776601683794}, {'regressor__fourier_random_features__gamma': 0.010416666666666666, 'regressor__ridge_regression__alpha': 0.1}, {'regressor__fourier_random_features__gamma': 0.010416666666666666, 'regressor__ridge_regression__alpha': 0.0031622776601683794}, {'regressor__fourier_random_features__gamma': 0.010416666666666666, 'regressor__ridge_regression__alpha': 0.1}, {'regressor__fourier_random_features__gamma': 0.010416666666666666, 'regressor__ridge_regression__alpha': 0.0031622776601683794}, {'regressor__fourier_random_features__gamma': 0.010416666666666666, 'regressor__ridge_regression__alpha': 0.0031622776601683794}, {'regressor__fourier_random_features__gamma': 0.0009207119546699839, 'regressor__ridge_regression__alpha': 0.0001}, {'regressor__fourier_random_features__gamma': 0.010416666666666666, 'regressor__ridge_regression__alpha': 0.0031622776601683794}, {'regressor__fourier_random_features__gamma': 0.010416666666666666, 'regressor__ridge_regression__alpha': 0.0031622776601683794}, {'regressor__fourier_random_features__gamma': 0.010416666666666666, 'regressor__ridge_regression__alpha': 0.0031622776601683794}, {'regressor__fourier_random_features__gamma': 0.010416666666666666, 'regressor__ridge_regression__alpha': 0.0031622776601683794}, {'regressor__fourier_random_features__gamma': 0.010416666666666666, 'regressor__ridge_regression__alpha': 0.0031622776601683794}, {'regressor__fourier_random_features__gamma': 0.010416666666666666, 'regressor__ridge_regression__alpha': 0.0031622776601683794}, {'regressor__fourier_random_features__gamma': 0.010416666666666666, 'regressor__ridge_regression__alpha': 0.0031622776601683794}, {'regressor__fourier_random_features__gamma': 0.010416666666666666, 'regressor__ridge_regression__alpha': 0.0031622776601683794}, {'regressor__fourier_random_features__gamma': 0.010416666666666666, 'regressor__ridge_regression__alpha': 0.0031622776601683794}, {'regressor__fourier_random_features__gamma': 0.010416666666666666, 'regressor__ridge_regression__alpha': 0.0031622776601683794}, {'regressor__fourier_random_features__gamma': 0.010416666666666666, 'regressor__ridge_regression__alpha': 0.0031622776601683794}, {'regressor__fourier_random_features__gamma': 0.010416666666666666, 'regressor__ridge_regression__alpha': 0.0031622776601683794}, {'regressor__fourier_random_features__gamma': 0.010416666666666666, 'regressor__ridge_regression__alpha': 0.0031622776601683794}, {'regressor__fourier_random_features__gamma': 0.010416666666666666, 'regressor__ridge_regression__alpha': 0.0031622776601683794}, {'regressor__fourier_random_features__gamma': 0.010416666666666666, 'regressor__ridge_regression__alpha': 0.0031622776601683794}, {'regressor__fourier_random_features__gamma': 0.0009207119546699839, 'regressor__ridge_regression__alpha': 0.0001}, {'regressor__fourier_random_features__gamma': 0.010416666666666666, 'regressor__ridge_regression__alpha': 0.0031622776601683794}, {'regressor__fourier_random_features__gamma': 0.010416666666666666, 'regressor__ridge_regression__alpha': 0.0031622776601683794}, {'regressor__fourier_random_features__gamma': 0.010416666666666666, 'regressor__ridge_regression__alpha': 0.0031622776601683794}, {'regressor__fourier_random_features__gamma': 0.010416666666666666, 'regressor__ridge_regression__alpha': 0.0031622776601683794}, {'regressor__fourier_random_features__gamma': 0.010416666666666666, 'regressor__ridge_regression__alpha': 0.0031622776601683794}, {'regressor__fourier_random_features__gamma': 0.010416666666666666, 'regressor__ridge_regression__alpha': 0.0031622776601683794}, {'regressor__fourier_random_features__gamma': 0.010416666666666666, 'regressor__ridge_regression__alpha': 0.0031622776601683794}, {'regressor__fourier_random_features__gamma': 0.010416666666666666, 'regressor__ridge_regression__alpha': 0.0031622776601683794}, {'regressor__fourier_random_features__gamma': 0.010416666666666666, 'regressor__ridge_regression__alpha': 0.0031622776601683794}, {'regressor__fourier_random_features__gamma': 0.010416666666666666, 'regressor__ridge_regression__alpha': 0.0031622776601683794}, {'regressor__fourier_random_features__gamma': 0.010416666666666666, 'regressor__ridge_regression__alpha': 0.0031622776601683794}, {'regressor__fourier_random_features__gamma': 0.010416666666666666, 'regressor__ridge_regression__alpha': 0.0031622776601683794}, {'regressor__fourier_random_features__gamma': 0.010416666666666666, 'regressor__ridge_regression__alpha': 0.0031622776601683794}, {'regressor__fourier_random_features__gamma': 0.010416666666666666, 'regressor__ridge_regression__alpha': 0.0031622776601683794}, {'regressor__fourier_random_features__gamma': 0.010416666666666666, 'regressor__ridge_regression__alpha': 0.0031622776601683794}, {'regressor__fourier_random_features__gamma': 0.010416666666666666, 'regressor__ridge_regression__alpha': 0.0031622776601683794}, {'regressor__fourier_random_features__gamma': 0.010416666666666666, 'regressor__ridge_regression__alpha': 0.0031622776601683794}, {'regressor__fourier_random_features__gamma': 0.010416666666666666, 'regressor__ridge_regression__alpha': 0.0031622776601683794}, {'regressor__fourier_random_features__gamma': 0.010416666666666666, 'regressor__ridge_regression__alpha': 0.0031622776601683794}, {'regressor__fourier_random_features__gamma': 0.010416666666666666, 'regressor__ridge_regression__alpha': 0.0031622776601683794}, {'regressor__fourier_random_features__gamma': 0.010416666666666666, 'regressor__ridge_regression__alpha': 0.0031622776601683794}], 'Best Score in CV': [0.9138896476618446, 0.9187903306053565, 0.9192084061336292, 0.909744415910331, 0.9382252443589267, 0.9416864669465459, 0.949238366000316, 0.955858999405025, 0.9607883649124686, 0.942333857925514, 0.9615416555018369, 0.9565566918967475, 0.9618956944789121, 0.9497855394839393, 0.9650940803121998, 0.9636404912527621, 0.9629117720115982, 0.9560255083804478, 0.9614443334522378, 0.9550293597063021, 0.9668913413128536, 0.9555214880372171, 0.9622138279995672, 0.9579924013959509, 0.9652622594464834, 0.9618030181603817, 0.9625675861036169, 0.9660789378369771, 0.9687029210992331, 0.9641583525096262, 0.9657141885302796, 0.9674903726972186, 0.9667086974501261, 0.9571375951699659, 0.9650479242528816, 0.9676607686092993, 0.9664307156976909, 0.9600206364340277, 0.9643071364937235, 0.9660587689648998, 0.9687221333354257, 0.9658632333545046, 0.9628629094167941, 0.9677413374320647, 0.9668959993611347, 0.9639615232053818, 0.9648667857092716, 0.9655604251487931, 0.9680477346851687, 0.9682608046425545, 0.9661252466106267, 0.9684327784399732, 0.9694538581584313, 0.9652679606309824, 0.9638640344027174, 0.9671016913873703, 0.9678373328846209, 0.9678213743006008, 0.9686687080056438, 0.9680175228760479, 0.9704500462668992, 0.9657472278932943, 0.9661491171997387, 0.9671743964779825], 'cv_mean_test_score': [0.9138896476618446, 0.9187903306053565, 0.9192084061336292, 0.909744415910331, 0.9382252443589267, 0.9416864669465459, 0.949238366000316, 0.955858999405025, 0.9607883649124686, 0.942333857925514, 0.9615416555018369, 0.9565566918967475, 0.9618956944789121, 0.9497855394839393, 0.9650940803121998, 0.9636404912527621, 0.9629117720115982, 0.9560255083804478, 0.9614443334522378, 0.9550293597063021, 0.9668913413128536, 0.9555214880372171, 0.9622138279995672, 0.9579924013959509, 0.9652622594464834, 0.9618030181603817, 0.9625675861036169, 0.9660789378369771, 0.9687029210992331, 0.9641583525096262, 0.9657141885302796, 0.9674903726972186, 0.9667086974501261, 0.9571375951699659, 0.9650479242528816, 0.9676607686092993, 0.9664307156976909, 0.9600206364340277, 0.9643071364937235, 0.9660587689648998, 0.9687221333354257, 0.9658632333545046, 0.9628629094167941, 0.9677413374320647, 0.9668959993611347, 0.9639615232053818, 0.9648667857092716, 0.9655604251487931, 0.9680477346851687, 0.9682608046425545, 0.9661252466106267, 0.9684327784399732, 0.9694538581584313, 0.9652679606309824, 0.9638640344027174, 0.9671016913873703, 0.9678373328846209, 0.9678213743006008, 0.9686687080056438, 0.9680175228760479, 0.9704500462668992, 0.9657472278932943, 0.9661491171997387, 0.9671743964779825], 'cv_std_test_score': [0.01410493910585519, 0.002738099833416684, 0.011129944357616071, 0.031007944686362938, 0.011024439482018521, 0.003955086120391685, 0.013282288987374144, 0.004869532871680726, 0.004738069278404905, 0.012346924190207765, 0.003345021948075579, 0.003320448927058155, 0.003707518135486999, 0.010083700922584813, 0.0035661714246366227, 0.003137419146557507, 0.004123721329828965, 0.003900984601169549, 0.0034478212468686655, 0.0020040624283887646, 0.0050999203839653335, 0.0032785559527493398, 0.0019403811044653794, 0.0033755829965687275, 0.008262585476149801, 0.003078648785721116, 0.0038795310451297804, 0.003353830837138537, 0.004636300605675024, 0.00405882875753148, 0.0024357176302447357, 0.002484167773778777, 0.00254435912028834, 0.014067842730794486, 0.002327591851904068, 0.0023211698009515847, 0.008235318821289328, 0.004985385901255726, 0.003062553208429122, 0.0030670510426017714, 0.00420917075575864, 0.0022436982058694423, 0.0034003721480271626, 0.002747126985698186, 0.005957996317900539, 0.005997925734684376, 0.002732382707019366, 0.0021437535142437543, 0.0033873566099444845, 0.003242513396917119, 0.0026939678341149796, 0.0025414893255086557, 0.006837240325804198, 0.004409666667794895, 0.004539822269196338, 0.004133943176789997, 0.0033077297114535806, 0.0028858968002670906, 0.00236245897184825, 0.002077431002308779, 0.002818784903410542, 0.004725085218788251, 0.002701820054206004, 0.002642990841378271]}
