
    --------------------
    'Model: Random Fourier features and SVR 
    	Dataset: abalone (regression) of shape (4177, 8) 	CV: 5 	n_jobs: 5
    	 params: {'regressor__fourier_random_features__gamma': [0.0001220703125, 0.0008501470344688711, 0.005920767837931241, 0.0412346222116529, 0.2871745887492586, 2.0], 'regressor__svm__C': array([1.00000000e-04, 1.58489319e-03, 2.51188643e-02, 3.98107171e-01,
       6.30957344e+00, 1.00000000e+02])} 
    	 number of hyperparameter 36
    
        	 n components [41, 83, 167, 208, 292, 375, 417, 501, 543, 626, 710, 751, 835, 877, 960, 1044]
        	 which correspond with the [1, 2, 4, 5, 7, 9, 10, 12, 13, 15, 17, 18, 20, 21, 23, 25] % of the data
        --------------------
        
{'percent': [1, 2, 4, 5, 7, 9, 10, 12, 13, 15, 17, 18, 20, 21, 23, 25], 'n_components': [41, 83, 167, 208, 292, 375, 417, 501, 543, 626, 710, 751, 835, 877, 960, 1044], 'Mean Score in test': [0.5479506895004427, 0.5646384985707267, 0.5619715742935265, 0.5655989764884246, 0.5665594892000878, 0.5674005157116075, 0.5672374224525818, 0.5643154938958219, 0.565577745164162, 0.5644720997573709, 0.5646899254275208, 0.5677141375838048, 0.5613939929883409, 0.5667137898189483, 0.5691488445816631, 0.5639688581830262], 'Std Score in test': [0.020954872854508595, 0.02182072112601298, 0.017296999756804023, 0.022741588989542916, 0.01909165766988399, 0.018022368352041736, 0.01998808671922378, 0.022089014374065786, 0.01972647414339012, 0.02049134202598724, 0.018813576420199228, 0.02016514926545473, 0.019332397734973958, 0.021015065997635834, 0.02009887058596726, 0.020778801936367546], 'Mean Training Time': [0.6885127425193787, 0.8341414332389832, 0.9867370128631592, 1.308955192565918, 2.013992130756378, 2.5327802300453186, 3.105218529701233, 3.4571858644485474, 4.35132497549057, 4.789786279201508, 4.822662353515625, 5.938713431358337, 6.9218199253082275, 6.1053982973098755, 7.015890657901764, 4.580390512943268], 'Std Training Time': [0.05605116330273629, 0.27688759304220445, 0.11858806037329322, 0.47031714284151116, 0.5721507290739597, 0.42631036419364765, 0.14301494441864304, 1.022399608079946, 0.035359158925742956, 0.2620628877649227, 1.3200072621565224, 0.04462333477784768, 0.41563844161060914, 1.1112776404265763, 0.6170205930598511, 0.3086751770017716], 'Mean Best Score in CV': [0.5454171756213074, 0.5605197663004173, 0.5569231154195966, 0.5625970752023853, 0.5613267373056854, 0.5606582021388354, 0.5633096578691451, 0.5628518194309378, 0.563314019530345, 0.5640631627077994, 0.5626750111649998, 0.5637231004831018, 0.5646189978970356, 0.5638255595052702, 0.5638308216372444, 0.5641125088951269], 'Std Best Score in CV': [0.009699773685256716, 0.010000398691857872, 0.009260586632476019, 0.008619434859242098, 0.00921130963894411, 0.011126687312553151, 0.010237519218443965, 0.00968322801284857, 0.010118731530352969, 0.009159148157205524, 0.009346929935310586, 0.010288306011725245, 0.010665976836666424, 0.010150511210756165, 0.008820611650031764, 0.009117567055807603], 'cv_mean_test_score': [0.5454171756213074, 0.5605197663004173, 0.5569231154195966, 0.5625970752023853, 0.5613267373056854, 0.5606582021388354, 0.5633096578691451, 0.5628518194309378, 0.563314019530345, 0.5640631627077994, 0.5626750111649998, 0.5637231004831018, 0.5646189978970356, 0.5638255595052702, 0.5638308216372444, 0.5641125088951269], 'cv_std_test_score': [0.02759264879831782, 0.025034143306214972, 0.02323118962739701, 0.022676153988499696, 0.024385756698156288, 0.02368632816953781, 0.023840964400746886, 0.021023572863861535, 0.02300647812287571, 0.022437326475260037, 0.023510013526324362, 0.023261399045605854, 0.02323438143186709, 0.022720603581918932, 0.023374678774255087, 0.021709215773316408]}
{'percent': [1, 1, 1, 1, 2, 2, 2, 2, 4, 4, 4, 4, 5, 5, 5, 5, 7, 7, 7, 7, 9, 9, 9, 9, 10, 10, 10, 10, 12, 12, 12, 12, 13, 13, 13, 13, 15, 15, 15, 15, 17, 17, 17, 17, 18, 18, 18, 18, 20, 20, 20, 20, 21, 21, 21, 21, 23, 23, 23, 23, 25, 25, 25, 25], 'n_components': [41, 41, 41, 41, 83, 83, 83, 83, 167, 167, 167, 167, 208, 208, 208, 208, 292, 292, 292, 292, 375, 375, 375, 375, 417, 417, 417, 417, 501, 501, 501, 501, 543, 543, 543, 543, 626, 626, 626, 626, 710, 710, 710, 710, 751, 751, 751, 751, 835, 835, 835, 835, 877, 877, 877, 877, 960, 960, 960, 960, 1044, 1044, 1044, 1044], 'Score in test': [0.5369091216292927, 0.5309223379457818, 0.5837868604111967, 0.5401844380154994, 0.5499607611382473, 0.5521790467480101, 0.6023492559601957, 0.5540649304364533, 0.5463843315612689, 0.5531645992360323, 0.5911786938571667, 0.5571586725196382, 0.547347279277651, 0.5486976420769816, 0.6035724541688865, 0.5627785304301791, 0.5486975728267642, 0.5524460312701102, 0.5971847229041699, 0.5679096297993074, 0.5576820016025906, 0.5517406824335356, 0.5979434409889599, 0.5622359378213437, 0.5540496867698547, 0.5507838773613338, 0.6009545725875733, 0.563161553091565, 0.5511329925919926, 0.5435460520292776, 0.6009152131541136, 0.5616677178079039, 0.5542714413585799, 0.5499637690126533, 0.5993178707816481, 0.5587578995037669, 0.5509605176483925, 0.548951226564482, 0.5994172077731104, 0.5585594470434985, 0.554644571684914, 0.5476794452524614, 0.5963772475085536, 0.5600584372641544, 0.5556958405322059, 0.5503518030331813, 0.6017568705188463, 0.5630520362509857, 0.5384448489479206, 0.5505993771854638, 0.5901498705966302, 0.5663818752233489, 0.5545118647244796, 0.5459664954989696, 0.6011379018579696, 0.565238897194374, 0.5549730920581708, 0.552530270767112, 0.6027748883084961, 0.5663171271928737, 0.543896645321507, 0.5522050071702218, 0.5983122128897973, 0.5614615673505785], 'Training Time': [0.663884162902832, 0.6426753997802734, 0.6630144119262695, 0.7844769954681396, 0.673250675201416, 1.313643455505371, 0.6819899082183838, 0.6676816940307617, 1.0469534397125244, 0.9007761478424072, 1.1494522094726562, 0.8497662544250488, 1.7856643199920654, 0.8451826572418213, 1.7727913856506348, 0.8321824073791504, 2.5520079135894775, 1.553598165512085, 2.6096060276031494, 1.3407564163208008, 2.6636528968811035, 2.893810987472534, 2.7656326293945312, 1.8080244064331055, 3.2616515159606934, 3.2327680587768555, 2.9438636302948, 2.982590913772583, 4.176707983016968, 3.9333720207214355, 1.6927385330200195, 4.025924921035767, 4.394448757171631, 4.3154823780059814, 4.377935171127319, 4.317433595657349, 4.969936847686768, 4.350006103515625, 5.006616115570068, 4.832586050033569, 5.567664861679077, 2.5365068912506104, 5.610045671463013, 5.5764319896698, 6.009820461273193, 5.902090787887573, 5.943527460098267, 5.899415016174316, 7.2975499629974365, 6.536569595336914, 7.374567270278931, 6.478592872619629, 4.197528839111328, 6.925550222396851, 6.782621622085571, 6.515892505645752, 5.951953172683716, 7.313880443572998, 7.3326873779296875, 7.465041637420654, 5.111682891845703, 4.3590240478515625, 4.455591440200806, 4.395263671875], 'Best Parameters': [{'regressor__fourier_random_features__gamma': 0.0412346222116529, 'regressor__svm__C': 6.30957344480193}, {'regressor__fourier_random_features__gamma': 0.0412346222116529, 'regressor__svm__C': 6.30957344480193}, {'regressor__fourier_random_features__gamma': 0.005920767837931241, 'regressor__svm__C': 100.0}, {'regressor__fourier_random_features__gamma': 0.005920767837931241, 'regressor__svm__C': 100.0}, {'regressor__fourier_random_features__gamma': 0.0412346222116529, 'regressor__svm__C': 6.30957344480193}, {'regressor__fourier_random_features__gamma': 0.0412346222116529, 'regressor__svm__C': 100.0}, {'regressor__fourier_random_features__gamma': 0.0412346222116529, 'regressor__svm__C': 6.30957344480193}, {'regressor__fourier_random_features__gamma': 0.0412346222116529, 'regressor__svm__C': 6.30957344480193}, {'regressor__fourier_random_features__gamma': 0.005920767837931241, 'regressor__svm__C': 100.0}, {'regressor__fourier_random_features__gamma': 0.0412346222116529, 'regressor__svm__C': 6.30957344480193}, {'regressor__fourier_random_features__gamma': 0.005920767837931241, 'regressor__svm__C': 100.0}, {'regressor__fourier_random_features__gamma': 0.0412346222116529, 'regressor__svm__C': 6.30957344480193}, {'regressor__fourier_random_features__gamma': 0.0412346222116529, 'regressor__svm__C': 100.0}, {'regressor__fourier_random_features__gamma': 0.0412346222116529, 'regressor__svm__C': 6.30957344480193}, {'regressor__fourier_random_features__gamma': 0.0412346222116529, 'regressor__svm__C': 100.0}, {'regressor__fourier_random_features__gamma': 0.0412346222116529, 'regressor__svm__C': 6.30957344480193}, {'regressor__fourier_random_features__gamma': 0.0412346222116529, 'regressor__svm__C': 100.0}, {'regressor__fourier_random_features__gamma': 0.0412346222116529, 'regressor__svm__C': 6.30957344480193}, {'regressor__fourier_random_features__gamma': 0.0412346222116529, 'regressor__svm__C': 100.0}, {'regressor__fourier_random_features__gamma': 0.0412346222116529, 'regressor__svm__C': 6.30957344480193}, {'regressor__fourier_random_features__gamma': 0.0412346222116529, 'regressor__svm__C': 6.30957344480193}, {'regressor__fourier_random_features__gamma': 0.0412346222116529, 'regressor__svm__C': 6.30957344480193}, {'regressor__fourier_random_features__gamma': 0.0412346222116529, 'regressor__svm__C': 6.30957344480193}, {'regressor__fourier_random_features__gamma': 0.0412346222116529, 'regressor__svm__C': 100.0}, {'regressor__fourier_random_features__gamma': 0.0412346222116529, 'regressor__svm__C': 6.30957344480193}, {'regressor__fourier_random_features__gamma': 0.0412346222116529, 'regressor__svm__C': 6.30957344480193}, {'regressor__fourier_random_features__gamma': 0.0412346222116529, 'regressor__svm__C': 6.30957344480193}, {'regressor__fourier_random_features__gamma': 0.0412346222116529, 'regressor__svm__C': 6.30957344480193}, {'regressor__fourier_random_features__gamma': 0.0412346222116529, 'regressor__svm__C': 6.30957344480193}, {'regressor__fourier_random_features__gamma': 0.0412346222116529, 'regressor__svm__C': 6.30957344480193}, {'regressor__fourier_random_features__gamma': 0.0412346222116529, 'regressor__svm__C': 6.30957344480193}, {'regressor__fourier_random_features__gamma': 0.0412346222116529, 'regressor__svm__C': 6.30957344480193}, {'regressor__fourier_random_features__gamma': 0.0412346222116529, 'regressor__svm__C': 6.30957344480193}, {'regressor__fourier_random_features__gamma': 0.0412346222116529, 'regressor__svm__C': 6.30957344480193}, {'regressor__fourier_random_features__gamma': 0.0412346222116529, 'regressor__svm__C': 6.30957344480193}, {'regressor__fourier_random_features__gamma': 0.0412346222116529, 'regressor__svm__C': 6.30957344480193}, {'regressor__fourier_random_features__gamma': 0.0412346222116529, 'regressor__svm__C': 6.30957344480193}, {'regressor__fourier_random_features__gamma': 0.0412346222116529, 'regressor__svm__C': 6.30957344480193}, {'regressor__fourier_random_features__gamma': 0.0412346222116529, 'regressor__svm__C': 6.30957344480193}, {'regressor__fourier_random_features__gamma': 0.0412346222116529, 'regressor__svm__C': 6.30957344480193}, {'regressor__fourier_random_features__gamma': 0.0412346222116529, 'regressor__svm__C': 6.30957344480193}, {'regressor__fourier_random_features__gamma': 0.0412346222116529, 'regressor__svm__C': 6.30957344480193}, {'regressor__fourier_random_features__gamma': 0.0412346222116529, 'regressor__svm__C': 6.30957344480193}, {'regressor__fourier_random_features__gamma': 0.0412346222116529, 'regressor__svm__C': 6.30957344480193}, {'regressor__fourier_random_features__gamma': 0.0412346222116529, 'regressor__svm__C': 6.30957344480193}, {'regressor__fourier_random_features__gamma': 0.0412346222116529, 'regressor__svm__C': 6.30957344480193}, {'regressor__fourier_random_features__gamma': 0.0412346222116529, 'regressor__svm__C': 6.30957344480193}, {'regressor__fourier_random_features__gamma': 0.0412346222116529, 'regressor__svm__C': 6.30957344480193}, {'regressor__fourier_random_features__gamma': 0.0412346222116529, 'regressor__svm__C': 100.0}, {'regressor__fourier_random_features__gamma': 0.0412346222116529, 'regressor__svm__C': 6.30957344480193}, {'regressor__fourier_random_features__gamma': 0.0412346222116529, 'regressor__svm__C': 100.0}, {'regressor__fourier_random_features__gamma': 0.0412346222116529, 'regressor__svm__C': 6.30957344480193}, {'regressor__fourier_random_features__gamma': 0.0412346222116529, 'regressor__svm__C': 6.30957344480193}, {'regressor__fourier_random_features__gamma': 0.0412346222116529, 'regressor__svm__C': 6.30957344480193}, {'regressor__fourier_random_features__gamma': 0.0412346222116529, 'regressor__svm__C': 6.30957344480193}, {'regressor__fourier_random_features__gamma': 0.0412346222116529, 'regressor__svm__C': 6.30957344480193}, {'regressor__fourier_random_features__gamma': 0.0412346222116529, 'regressor__svm__C': 6.30957344480193}, {'regressor__fourier_random_features__gamma': 0.0412346222116529, 'regressor__svm__C': 6.30957344480193}, {'regressor__fourier_random_features__gamma': 0.0412346222116529, 'regressor__svm__C': 6.30957344480193}, {'regressor__fourier_random_features__gamma': 0.0412346222116529, 'regressor__svm__C': 6.30957344480193}, {'regressor__fourier_random_features__gamma': 0.0412346222116529, 'regressor__svm__C': 100.0}, {'regressor__fourier_random_features__gamma': 0.0412346222116529, 'regressor__svm__C': 6.30957344480193}, {'regressor__fourier_random_features__gamma': 0.0412346222116529, 'regressor__svm__C': 6.30957344480193}, {'regressor__fourier_random_features__gamma': 0.0412346222116529, 'regressor__svm__C': 6.30957344480193}], 'Best Score in CV': [0.548175850569366, 0.5571633274150976, 0.5302412191873505, 0.5460883053134158, 0.5672113329238802, 0.5704881334005649, 0.5445376822927708, 0.5598419165844535, 0.5596090915879822, 0.5662114092198121, 0.5415058314764076, 0.5603661293941842, 0.5714012198262772, 0.5670194963407493, 0.5484792324755443, 0.5634883521669705, 0.5708811570956754, 0.5661181365476424, 0.5463356695989948, 0.5619719859804286, 0.5676051112256297, 0.5684322272989257, 0.5415044166400402, 0.5650910533907461, 0.5689805456761041, 0.571209206312122, 0.5457404934613177, 0.5673083860270365, 0.571006331966165, 0.5693864207752635, 0.5466197010625246, 0.5643948239197977, 0.5708130999544474, 0.5691855549371873, 0.5459175704048259, 0.5673398528249196, 0.5714349547817579, 0.5711985860217542, 0.5489015607530993, 0.5647175492745864, 0.5700002576038787, 0.5700551575426441, 0.5471611165612362, 0.5634835129522402, 0.5732669221858595, 0.569933878603454, 0.546636160051522, 0.5650554410915716, 0.5717639722051532, 0.5721146923966697, 0.5463295805311119, 0.5682677464552077, 0.570359615510276, 0.5706567006543999, 0.5463388208282592, 0.567947101028146, 0.5695885465905999, 0.5708247862180376, 0.5488572146805313, 0.5660527390598088, 0.5704423545891664, 0.5705427431184763, 0.5485211867878379, 0.5669437510850269], 'cv_mean_test_score': [0.548175850569366, 0.5571633274150976, 0.5302412191873505, 0.5460883053134158, 0.5672113329238802, 0.5704881334005649, 0.5445376822927708, 0.5598419165844535, 0.5596090915879822, 0.5662114092198121, 0.5415058314764076, 0.5603661293941842, 0.5714012198262772, 0.5670194963407493, 0.5484792324755443, 0.5634883521669705, 0.5708811570956754, 0.5661181365476424, 0.5463356695989948, 0.5619719859804286, 0.5676051112256297, 0.5684322272989257, 0.5415044166400402, 0.5650910533907461, 0.5689805456761041, 0.571209206312122, 0.5457404934613177, 0.5673083860270365, 0.571006331966165, 0.5693864207752635, 0.5466197010625246, 0.5643948239197977, 0.5708130999544474, 0.5691855549371873, 0.5459175704048259, 0.5673398528249196, 0.5714349547817579, 0.5711985860217542, 0.5489015607530993, 0.5647175492745864, 0.5700002576038787, 0.5700551575426441, 0.5471611165612362, 0.5634835129522402, 0.5732669221858595, 0.569933878603454, 0.546636160051522, 0.5650554410915716, 0.5717639722051532, 0.5721146923966697, 0.5463295805311119, 0.5682677464552077, 0.570359615510276, 0.5706567006543999, 0.5463388208282592, 0.567947101028146, 0.5695885465905999, 0.5708247862180376, 0.5488572146805313, 0.5660527390598088, 0.5704423545891664, 0.5705427431184763, 0.5485211867878379, 0.5669437510850269], 'cv_std_test_score': [0.03496380587410919, 0.026952260704852727, 0.013888137068239213, 0.03456639154607014, 0.03134911252061632, 0.027049962914023194, 0.007685373694845935, 0.03405212409537443, 0.030842254409451753, 0.02484272979046013, 0.0071191434130194456, 0.0301206308966567, 0.02935314145178383, 0.02599775382798556, 0.005009139525497985, 0.03034458114873141, 0.029726307158740497, 0.02600658519574469, 0.012938367664361123, 0.028871766773778836, 0.033137156011310336, 0.025121936962993828, 0.010944033714892363, 0.025542185988954715, 0.03290813732082938, 0.026210736156827466, 0.007668745904021175, 0.028576238221309527, 0.029279775921764856, 0.02199554362980166, 0.006308153961954022, 0.0265108179419256, 0.03042146671700532, 0.025681157283476683, 0.006684729290459107, 0.02923855920056173, 0.028598134000795482, 0.024845656862845966, 0.0071699155660134425, 0.02913559947138526, 0.029163288662205748, 0.024271183035966613, 0.009273312442793587, 0.031332269964331506, 0.02903156574621456, 0.024154089839049854, 0.0076012349214260285, 0.03225870567573296, 0.027130611440016637, 0.024259109544328555, 0.010302191054445676, 0.0312456136886775, 0.029737508757490334, 0.02416665636661395, 0.006581933253560911, 0.03039631595001053, 0.031055110114044125, 0.025572237888465115, 0.0066413226198246975, 0.03023004447468642, 0.024880808169647144, 0.023769117494809627, 0.008289653961188598, 0.029897283467620266]}
