
    --------------------
    'Model: Random Fourier features and SVR 
    	Dataset: CPU_SMALL (regression) of shape (8192, 12) 	CV: 5 	n_jobs: 5
    	 params: {'regressor__fourier_random_features__gamma': [8.138020833333333e-05, 0.000566764689645914, 0.0039471785586208275, 0.027489748141101934, 0.19144972583283906, 1.3333333333333333], 'regressor__svm__C': array([1.00000000e-04, 1.58489319e-03, 2.51188643e-02, 3.98107171e-01,
       6.30957344e+00, 1.00000000e+02])} 
    	 number of hyperparameter 36
    
        	 n components [81, 163, 327, 409, 573, 737, 819, 983, 1064, 1228, 1392, 1474, 1638, 1720, 1884, 2048]
        	 which correspond with the [1, 2, 4, 5, 7, 9, 10, 12, 13, 15, 17, 18, 20, 21, 23, 25] % of the data
        --------------------
        
{'percent': [1, 2, 4, 5, 7, 9, 10, 12, 13, 15, 17, 18, 20, 21, 23, 25], 'n_components': [81, 163, 327, 409, 573, 737, 819, 983, 1064, 1228, 1392, 1474, 1638, 1720, 1884, 2048], 'Mean Score in test': [0.9101056436368834, 0.9334200467355788, 0.9505491556743364, 0.9327838222522868, 0.9615828339053731, 0.9628151879271186, 0.9639652474018147, 0.9624029275066313, 0.9663580869919427, 0.9643056950426627, 0.9656738759535876, 0.9678409469422719, 0.967503871988431, 0.9676491544519428, 0.9691757900635913, 0.9678425180949483], 'Std Score in test': [0.01743690538134828, 0.012965754343568479, 0.011637567015384447, 0.050579764879399754, 0.0010844290194914168, 0.0022583532655330563, 0.0012215237108675588, 0.004078556736644293, 0.002562029104719922, 0.0031292974463797657, 0.002356255222192467, 0.0025364571571475833, 0.0015585490936288384, 0.0013742987133951413, 0.002497245890733534, 0.0023773344613283553], 'Mean Training Time': [4.28514289855957, 5.489710330963135, 4.572278678417206, 7.783605396747589, 7.932700932025909, 12.786489188671112, 12.217524886131287, 19.732849419116974, 16.97162687778473, 21.37685889005661, 21.242867588996887, 21.769545316696167, 24.101956486701965, 25.035513877868652, 28.70923286676407, 35.78955417871475], 'Std Training Time': [3.0590356728042156, 3.5162820443548934, 1.0413548072733703, 4.26776148635935, 0.2590521660362128, 4.6531780997532595, 0.15739909852245895, 3.6200517186098633, 0.5358975098567343, 3.850496027572504, 1.2388306090501102, 0.456832492178611, 0.34663207529615553, 0.9926350965688514, 1.3201294603540545, 3.4360904382180473], 'Mean Best Score in CV': [0.9019000920632195, 0.9395630563112575, 0.9546578006228364, 0.9569234159137875, 0.96108772943242, 0.9611618058589511, 0.9626468181416503, 0.9632685661773532, 0.963122146080136, 0.9646852793443179, 0.9646453902166416, 0.9657159006504413, 0.9654809581123542, 0.9656173662839909, 0.9648293235088428, 0.9660405803253093], 'Std Best Score in CV': [0.008647950153168034, 0.00400176343809624, 0.003061965186915615, 0.002525057364134858, 0.0016489968954800612, 0.0007689080279131973, 0.001039625981403106, 0.0014281252065380743, 0.0018584515772553647, 0.0011360384568154152, 0.0005723312031717434, 0.000877021076155824, 0.0011466727929411906, 0.0009953450358963767, 0.0016532509680748726, 0.0009130522298417339], 'cv_mean_test_score': [0.9019000920632195, 0.9395630563112575, 0.9546578006228364, 0.9569234159137875, 0.96108772943242, 0.9611618058589511, 0.9626468181416503, 0.9632685661773532, 0.963122146080136, 0.9646852793443179, 0.9646453902166416, 0.9657159006504413, 0.9654809581123542, 0.9656173662839909, 0.9648293235088428, 0.9660405803253093], 'cv_std_test_score': [0.016388315442759892, 0.010099125917595942, 0.005762045301535146, 0.005834828949153412, 0.003390769487584054, 0.0045128607179337555, 0.003431617314416128, 0.0037534113063767824, 0.0036062874671437387, 0.00257153519519077, 0.002139987231349121, 0.0023568106143779925, 0.002663370112420509, 0.0028420412992165404, 0.003585070882418834, 0.003075987323590919], 'cv_mean_fit_time': [4.522743046283722, 6.242235696315765, 6.824961137771607, 10.758274745941161, 9.466414594650269, 14.482923781871795, 13.029973948001862, 22.767729592323303, 18.031911242008206, 23.530639588832855, 23.020397567749022, 22.993537056446073, 26.241767072677614, 26.986469078063962, 33.323342859745026, 43.299647092819214], 'cv_std_fit_time': [0.7914524354776253, 1.2705277722093946, 1.2663401302970771, 1.3884559804544638, 2.133662870493576, 3.1298526079987647, 3.0365600726416573, 4.5961657914229495, 4.30950204872971, 5.4936074012753, 6.218583831749945, 6.157711660897045, 6.563134956307437, 7.296715065456832, 7.569431587804237, 8.41145443861591]}
{'percent': [1, 1, 1, 1, 2, 2, 2, 2, 4, 4, 4, 4, 5, 5, 5, 5, 7, 7, 7, 7, 9, 9, 9, 9, 10, 10, 10, 10, 12, 12, 12, 12, 13, 13, 13, 13, 15, 15, 15, 15, 17, 17, 17, 17, 18, 18, 18, 18, 20, 20, 20, 20, 21, 21, 21, 21, 23, 23, 23, 23, 25, 25, 25, 25], 'n_components': [81, 81, 81, 81, 163, 163, 163, 163, 327, 327, 327, 327, 409, 409, 409, 409, 573, 573, 573, 573, 737, 737, 737, 737, 819, 819, 819, 819, 983, 983, 983, 983, 1064, 1064, 1064, 1064, 1228, 1228, 1228, 1228, 1392, 1392, 1392, 1392, 1474, 1474, 1474, 1474, 1638, 1638, 1638, 1638, 1720, 1720, 1720, 1720, 1884, 1884, 1884, 1884, 2048, 2048, 2048, 2048], 'Score in test': [0.8808053339759039, 0.9248567768193302, 0.9215178237249824, 0.9132426400273173, 0.931504693503447, 0.9386622953390851, 0.9139274196245755, 0.9495857784752074, 0.9569494675123776, 0.9626122525753992, 0.9317049377274716, 0.9509299648820974, 0.9603972513310894, 0.9644686658595186, 0.8452180341183426, 0.961051337700197, 0.9631456718550949, 0.9616802801103882, 0.960091739773744, 0.9614136438822658, 0.9622960144036798, 0.9664138486047316, 0.9601711080105553, 0.9623797806895075, 0.9651591216341613, 0.9619205220547986, 0.9643790654661331, 0.9644022804521658, 0.9609914277453779, 0.9676234052696645, 0.9566229628022476, 0.9643739142092354, 0.9621742562063583, 0.9678115172265633, 0.9689298380247621, 0.966516736510087, 0.9656164828646218, 0.9656634197974472, 0.9589684430559666, 0.9669744344526152, 0.9648541323534011, 0.9681194022620031, 0.9675287169216944, 0.9621932522772516, 0.9650253342616628, 0.966887228509835, 0.9719384475022143, 0.9675127774953755, 0.9651377164132333, 0.9670893813933742, 0.969093957291582, 0.9686944328555347, 0.9657891509603906, 0.9690984693196424, 0.968831823854961, 0.966877173672777, 0.9668159753101542, 0.9692227237642983, 0.9732218075771902, 0.967442653602723, 0.9649465575917608, 0.9683067364197809, 0.9714087195506859, 0.9667080588175652], 'Training Time': [9.483309268951416, 3.5079314708709717, 2.2038638591766357, 1.9454669952392578, 2.2773709297180176, 11.438611507415771, 4.16627836227417, 4.07658052444458, 3.692014694213867, 5.335713624954224, 5.84994649887085, 3.411439895629883, 14.99733829498291, 4.741607189178467, 6.893934488296509, 4.501541614532471, 8.213806867599487, 8.129760265350342, 7.828262567520142, 7.558974027633667, 10.180314540863037, 10.961641788482666, 20.775607109069824, 9.228393316268921, 12.08270788192749, 12.12466812133789, 12.48364806175232, 12.179075479507446, 17.280484914779663, 15.119796514511108, 23.55251407623291, 22.978602170944214, 16.04682230949402, 17.301650762557983, 17.330998182296753, 17.20703625679016, 19.502269744873047, 19.470165967941284, 28.01126790046692, 18.52373194694519, 20.034607410430908, 20.6543869972229, 20.975376844406128, 23.307099103927612, 21.295960426330566, 22.28421187400818, 22.1642005443573, 21.333808422088623, 23.54536747932434, 24.33057928085327, 24.44590425491333, 24.08597493171692, 24.96037721633911, 25.661224365234375, 26.062642574310303, 23.45781135559082, 26.518137216567993, 29.425523281097412, 29.980241060256958, 28.91302990913391, 32.39722490310669, 41.474828481674194, 34.023473024368286, 35.26269030570984], 'Best Parameters': [{'regressor__fourier_random_features__gamma': 0.027489748141101934, 'regressor__svm__C': 100.0}, {'regressor__fourier_random_features__gamma': 0.0039471785586208275, 'regressor__svm__C': 100.0}, {'regressor__fourier_random_features__gamma': 0.027489748141101934, 'regressor__svm__C': 6.30957344480193}, {'regressor__fourier_random_features__gamma': 0.027489748141101934, 'regressor__svm__C': 6.30957344480193}, {'regressor__fourier_random_features__gamma': 0.027489748141101934, 'regressor__svm__C': 6.30957344480193}, {'regressor__fourier_random_features__gamma': 0.027489748141101934, 'regressor__svm__C': 100.0}, {'regressor__fourier_random_features__gamma': 0.0039471785586208275, 'regressor__svm__C': 100.0}, {'regressor__fourier_random_features__gamma': 0.0039471785586208275, 'regressor__svm__C': 100.0}, {'regressor__fourier_random_features__gamma': 0.027489748141101934, 'regressor__svm__C': 6.30957344480193}, {'regressor__fourier_random_features__gamma': 0.0039471785586208275, 'regressor__svm__C': 100.0}, {'regressor__fourier_random_features__gamma': 0.0039471785586208275, 'regressor__svm__C': 100.0}, {'regressor__fourier_random_features__gamma': 0.027489748141101934, 'regressor__svm__C': 6.30957344480193}, {'regressor__fourier_random_features__gamma': 0.027489748141101934, 'regressor__svm__C': 100.0}, {'regressor__fourier_random_features__gamma': 0.027489748141101934, 'regressor__svm__C': 6.30957344480193}, {'regressor__fourier_random_features__gamma': 0.0039471785586208275, 'regressor__svm__C': 100.0}, {'regressor__fourier_random_features__gamma': 0.027489748141101934, 'regressor__svm__C': 6.30957344480193}, {'regressor__fourier_random_features__gamma': 0.027489748141101934, 'regressor__svm__C': 6.30957344480193}, {'regressor__fourier_random_features__gamma': 0.027489748141101934, 'regressor__svm__C': 6.30957344480193}, {'regressor__fourier_random_features__gamma': 0.027489748141101934, 'regressor__svm__C': 6.30957344480193}, {'regressor__fourier_random_features__gamma': 0.027489748141101934, 'regressor__svm__C': 6.30957344480193}, {'regressor__fourier_random_features__gamma': 0.027489748141101934, 'regressor__svm__C': 6.30957344480193}, {'regressor__fourier_random_features__gamma': 0.027489748141101934, 'regressor__svm__C': 6.30957344480193}, {'regressor__fourier_random_features__gamma': 0.027489748141101934, 'regressor__svm__C': 100.0}, {'regressor__fourier_random_features__gamma': 0.027489748141101934, 'regressor__svm__C': 6.30957344480193}, {'regressor__fourier_random_features__gamma': 0.027489748141101934, 'regressor__svm__C': 6.30957344480193}, {'regressor__fourier_random_features__gamma': 0.027489748141101934, 'regressor__svm__C': 6.30957344480193}, {'regressor__fourier_random_features__gamma': 0.027489748141101934, 'regressor__svm__C': 6.30957344480193}, {'regressor__fourier_random_features__gamma': 0.027489748141101934, 'regressor__svm__C': 6.30957344480193}, {'regressor__fourier_random_features__gamma': 0.0039471785586208275, 'regressor__svm__C': 100.0}, {'regressor__fourier_random_features__gamma': 0.027489748141101934, 'regressor__svm__C': 6.30957344480193}, {'regressor__fourier_random_features__gamma': 0.027489748141101934, 'regressor__svm__C': 100.0}, {'regressor__fourier_random_features__gamma': 0.027489748141101934, 'regressor__svm__C': 100.0}, {'regressor__fourier_random_features__gamma': 0.027489748141101934, 'regressor__svm__C': 6.30957344480193}, {'regressor__fourier_random_features__gamma': 0.027489748141101934, 'regressor__svm__C': 6.30957344480193}, {'regressor__fourier_random_features__gamma': 0.027489748141101934, 'regressor__svm__C': 6.30957344480193}, {'regressor__fourier_random_features__gamma': 0.027489748141101934, 'regressor__svm__C': 6.30957344480193}, {'regressor__fourier_random_features__gamma': 0.027489748141101934, 'regressor__svm__C': 6.30957344480193}, {'regressor__fourier_random_features__gamma': 0.027489748141101934, 'regressor__svm__C': 6.30957344480193}, {'regressor__fourier_random_features__gamma': 0.027489748141101934, 'regressor__svm__C': 100.0}, {'regressor__fourier_random_features__gamma': 0.027489748141101934, 'regressor__svm__C': 6.30957344480193}, {'regressor__fourier_random_features__gamma': 0.027489748141101934, 'regressor__svm__C': 6.30957344480193}, {'regressor__fourier_random_features__gamma': 0.027489748141101934, 'regressor__svm__C': 6.30957344480193}, {'regressor__fourier_random_features__gamma': 0.027489748141101934, 'regressor__svm__C': 6.30957344480193}, {'regressor__fourier_random_features__gamma': 0.0039471785586208275, 'regressor__svm__C': 100.0}, {'regressor__fourier_random_features__gamma': 0.027489748141101934, 'regressor__svm__C': 6.30957344480193}, {'regressor__fourier_random_features__gamma': 0.027489748141101934, 'regressor__svm__C': 6.30957344480193}, {'regressor__fourier_random_features__gamma': 0.027489748141101934, 'regressor__svm__C': 6.30957344480193}, {'regressor__fourier_random_features__gamma': 0.027489748141101934, 'regressor__svm__C': 6.30957344480193}, {'regressor__fourier_random_features__gamma': 0.027489748141101934, 'regressor__svm__C': 6.30957344480193}, {'regressor__fourier_random_features__gamma': 0.027489748141101934, 'regressor__svm__C': 6.30957344480193}, {'regressor__fourier_random_features__gamma': 0.027489748141101934, 'regressor__svm__C': 6.30957344480193}, {'regressor__fourier_random_features__gamma': 0.027489748141101934, 'regressor__svm__C': 6.30957344480193}, {'regressor__fourier_random_features__gamma': 0.027489748141101934, 'regressor__svm__C': 6.30957344480193}, {'regressor__fourier_random_features__gamma': 0.027489748141101934, 'regressor__svm__C': 6.30957344480193}, {'regressor__fourier_random_features__gamma': 0.027489748141101934, 'regressor__svm__C': 6.30957344480193}, {'regressor__fourier_random_features__gamma': 0.027489748141101934, 'regressor__svm__C': 6.30957344480193}, {'regressor__fourier_random_features__gamma': 0.027489748141101934, 'regressor__svm__C': 6.30957344480193}, {'regressor__fourier_random_features__gamma': 0.027489748141101934, 'regressor__svm__C': 6.30957344480193}, {'regressor__fourier_random_features__gamma': 0.027489748141101934, 'regressor__svm__C': 6.30957344480193}, {'regressor__fourier_random_features__gamma': 0.027489748141101934, 'regressor__svm__C': 6.30957344480193}, {'regressor__fourier_random_features__gamma': 0.027489748141101934, 'regressor__svm__C': 6.30957344480193}, {'regressor__fourier_random_features__gamma': 0.027489748141101934, 'regressor__svm__C': 100.0}, {'regressor__fourier_random_features__gamma': 0.027489748141101934, 'regressor__svm__C': 6.30957344480193}, {'regressor__fourier_random_features__gamma': 0.027489748141101934, 'regressor__svm__C': 6.30957344480193}], 'Best Score in CV': [0.9076621953827487, 0.9127530024818776, 0.895843288131687, 0.8913418822565647, 0.9376581733903926, 0.9339152678219307, 0.9434061976313792, 0.9432725864013273, 0.9546016785905562, 0.9573914873953747, 0.9569550637489531, 0.9496829727564616, 0.9543512895458968, 0.9609204527502477, 0.9552372214118986, 0.9571846999471066, 0.9620972310317087, 0.9632682723761274, 0.959406946028283, 0.9595784682935609, 0.9622970803339449, 0.9612806422979652, 0.9601635961911192, 0.960905904612775, 0.962859627627424, 0.9637178563814752, 0.9609309423606609, 0.9630788461970413, 0.9642392305685379, 0.9643100096675352, 0.9608294938391062, 0.9636955306342341, 0.9650243985136007, 0.9645677792374178, 0.9625668588505191, 0.9603295477190068, 0.9659212370911023, 0.9642825723281675, 0.9630185708580224, 0.965518737099979, 0.9655371762203486, 0.9645802084888061, 0.9639413272010072, 0.9645228489564044, 0.967099552382266, 0.9646852307562686, 0.9654023089703218, 0.9656765104929091, 0.9655222666875242, 0.9658896812447748, 0.9636764789462262, 0.9668354055708914, 0.9670280276830386, 0.9649177928839002, 0.96447739403224, 0.9660462505367846, 0.966964325884779, 0.96567356210048, 0.9625573850789928, 0.9641220209711194, 0.9672233683650487, 0.9665430438237831, 0.9648352122165859, 0.9655606968958192], 'cv_mean_test_score': [0.9076621953827487, 0.9127530024818776, 0.895843288131687, 0.8913418822565647, 0.9376581733903926, 0.9339152678219307, 0.9434061976313792, 0.9432725864013273, 0.9546016785905562, 0.9573914873953747, 0.9569550637489531, 0.9496829727564616, 0.9543512895458968, 0.9609204527502477, 0.9552372214118986, 0.9571846999471066, 0.9620972310317087, 0.9632682723761274, 0.959406946028283, 0.9595784682935609, 0.9622970803339449, 0.9612806422979652, 0.9601635961911192, 0.960905904612775, 0.962859627627424, 0.9637178563814752, 0.9609309423606609, 0.9630788461970413, 0.9642392305685379, 0.9643100096675352, 0.9608294938391062, 0.9636955306342341, 0.9650243985136007, 0.9645677792374178, 0.9625668588505191, 0.9603295477190068, 0.9659212370911023, 0.9642825723281675, 0.9630185708580224, 0.965518737099979, 0.9655371762203486, 0.9645802084888061, 0.9639413272010072, 0.9645228489564044, 0.967099552382266, 0.9646852307562686, 0.9654023089703218, 0.9656765104929091, 0.9655222666875242, 0.9658896812447748, 0.9636764789462262, 0.9668354055708914, 0.9670280276830386, 0.9649177928839002, 0.96447739403224, 0.9660462505367846, 0.966964325884779, 0.96567356210048, 0.9625573850789928, 0.9641220209711194, 0.9672233683650487, 0.9665430438237831, 0.9648352122165859, 0.9655606968958192], 'cv_std_test_score': [0.010991264165491151, 0.011470576724242218, 0.014647675446613625, 0.02844374543469258, 0.005143971396724876, 0.009350397586119781, 0.013993615147346322, 0.011908519540192793, 0.004826349959339093, 0.003922908953588427, 0.005722277793834367, 0.008576644499378694, 0.008966710258217762, 0.0009852852889108297, 0.007427663321407595, 0.005959656928077464, 0.0024145848996703716, 0.0022597633979739755, 0.001618545370765395, 0.007270184281926473, 0.004010745919536948, 0.003953505448130383, 0.005183310549798346, 0.004903880954269346, 0.0026091410875563777, 0.0027994834770592066, 0.0030686061135674694, 0.005249238579481458, 0.0030371848909163533, 0.0035864570781262706, 0.003352003812576501, 0.005037999443888003, 0.00384069020778736, 0.003904062805721869, 0.0036584540738036505, 0.003021942781262075, 0.0017132508268894507, 0.002584354572423304, 0.0028780154284569264, 0.0031105199529933986, 0.0013798913850365034, 0.002436480063624153, 0.0023273209293998348, 0.0024162565473359932, 0.0026127593011753976, 0.002172194403319376, 0.003004323139981687, 0.0016379656130355094, 0.0029726983556676, 0.0025167493905375476, 0.002501638642271166, 0.0026623940612057234, 0.0019156277118270836, 0.003819585309486934, 0.0026368567505234675, 0.0029960954250286757, 0.0027238019003545926, 0.002506458315525889, 0.0043629360863244124, 0.004747087227470441, 0.003126400533732352, 0.006266052314302174, 0.0018521546471838113, 0.0010593417991453388], 'cv_mean_fit_time': [10.92399468421936, 3.300964593887329, 1.9568317890167237, 1.9091811180114746, 2.8456301212310793, 13.489742517471313, 4.373302030563354, 4.260268115997315, 5.801016330718994, 7.7663383960723875, 8.008027982711791, 5.724461841583252, 19.197340726852417, 7.723493671417236, 9.383873414993285, 6.728391170501709, 9.402589559555054, 9.507936048507691, 9.495175123214722, 9.459957647323609, 11.512768697738647, 11.798525428771972, 22.870328521728517, 11.750072479248047, 12.717594289779663, 13.172555065155029, 13.360351753234863, 12.869394683837891, 17.56365041732788, 17.295342922210693, 29.05521402359009, 27.15671100616455, 16.598293113708497, 17.693268013000488, 19.91456084251404, 17.921522998809813, 20.22369318008423, 20.546507120132446, 33.843326044082644, 19.509032011032104, 22.652558994293212, 22.33656249046326, 22.183713960647584, 24.90875482559204, 22.477726221084595, 23.089605188369752, 23.391575813293457, 23.0152410030365, 27.78190450668335, 25.800548028945922, 25.752995872497557, 25.631619882583617, 26.16425199508667, 26.98675537109375, 27.211866998672484, 27.583001947402956, 30.17495427131653, 33.240901470184326, 35.68898711204529, 34.18852858543396, 37.75552763938904, 55.03046369552612, 37.64318084716797, 42.76941618919373], 'cv_std_fit_time': [2.2352419596965434, 0.2710341098895066, 0.32145710729241417, 0.33807656503203726, 0.6093583860715518, 2.838954267143938, 0.7870475834819295, 0.846750852140159, 1.0725278215818068, 1.2483976646402442, 1.3050818584933097, 1.4393531764729477, 1.313890599703928, 1.2691655936973412, 1.569134722412525, 1.4016330060040612, 2.159948070793766, 2.1144927436208416, 2.1296591573437884, 2.1305515102159087, 2.766730313190818, 2.6820114179063768, 4.341324250521459, 2.7293444503764066, 2.9693472617970276, 3.123498375604759, 3.0288841280438796, 3.0245105251209625, 4.447209591734516, 3.114036381541007, 5.301560307540417, 5.52185688487586, 4.367405502873922, 4.466624520940396, 3.779804547666306, 4.6241736234382165, 5.46198819469271, 5.207291429716459, 6.156833172477241, 5.148316808214789, 6.281233842373533, 5.89550542775579, 6.034186955520607, 6.663409101349853, 5.95134688652549, 6.115845716358054, 6.210557173076246, 6.353096867628389, 5.5380013172052385, 6.750944241222259, 6.751413500512653, 7.212180766289599, 7.1278298042194175, 7.210048749113909, 7.167315713904774, 7.681665994589229, 5.947268320436003, 8.731232220967815, 6.861937407329318, 8.737288402483813, 9.2887377946351, 9.059103378462698, 8.726892304949265, 6.571084276416578]}
