
    --------------------
    'Model: Nystrom and SVR 
    	Dataset: eunite2001 (regression) of shape (336, 16) 	CV: 5 	n_jobs: 5
    	 params: {'regressor__nystroem__gamma': array([6.10351562e-05, 6.90533966e-04, 7.81250000e-03, 8.83883476e-02,
       1.00000000e+00]), 'regressor__svm__C': array([1.00000000e-04, 3.16227766e-03, 1.00000000e-01, 3.16227766e+00,
       1.00000000e+02])} 
    	 number of hyperparameter 25
    
        	 n components [3, 6, 13, 16, 23, 30, 33, 40, 43, 50, 57, 60, 67, 70, 77, 84]
        	 which correspond with the [1, 2, 4, 5, 7, 9, 10, 12, 13, 15, 17, 18, 20, 21, 23, 25] % of the data
        --------------------
        
{'percent': [1, 2, 4, 5, 7, 9, 10, 12, 13, 15, 17, 18, 20, 21, 23, 25], 'n_components': [3, 6, 13, 16, 23, 30, 33, 40, 43, 50, 57, 60, 67, 70, 77, 84], 'Mean Score in test': [0.0010202137271015932, 0.1932648515514127, 0.6943567211359357, 0.7702043846596318, 0.7824002946477664, 0.772135450079475, 0.7779172090642884, 0.7786106563951475, 0.7736856794802915, 0.7774688430419119, 0.7734887494084012, 0.7749103864740696, 0.7740885074888881, 0.7816041261503792, 0.7743384856209279, 0.7800045854950921], 'Std Score in test': [0.0, 0.0, 0.0, 0.0, 0.0, 0.0, 0.0, 0.0, 0.0, 0.0, 0.0, 0.0, 0.0, 0.0, 0.0, 0.0], 'Mean Training Time': [0.008913993835449219, 0.010468482971191406, 0.023143768310546875, 0.011030197143554688, 0.022560596466064453, 0.028320789337158203, 0.030422687530517578, 0.013872385025024414, 0.07593154907226562, 0.02784252166748047, 0.022843599319458008, 0.03543496131896973, 0.038291215896606445, 0.0227816104888916, 0.040602922439575195, 0.03174948692321777], 'Std Training Time': [0.0, 0.0, 0.0, 0.0, 0.0, 0.0, 0.0, 0.0, 0.0, 0.0, 0.0, 0.0, 0.0, 0.0, 0.0, 0.0], 'Mean Best Score in CV': [0.3012545153677427, 0.5289305705390921, 0.7600407414659532, 0.788766212351408, 0.7895540302605027, 0.8061000882658496, 0.81065507609583, 0.8009229909195543, 0.8030153847829125, 0.8047270720294446, 0.8082562844598769, 0.8010255308134375, 0.8003694476874175, 0.8014976334754035, 0.7996498002676303, 0.8028216284634336], 'Std Best Score in CV': [0.0, 0.0, 0.0, 0.0, 0.0, 0.0, 0.0, 0.0, 0.0, 0.0, 0.0, 0.0, 0.0, 0.0, 0.0, 0.0], 'cv_mean_test_score': [0.3012545153677427, 0.5289305705390921, 0.7600407414659532, 0.788766212351408, 0.7895540302605027, 0.8061000882658496, 0.81065507609583, 0.8009229909195543, 0.8030153847829125, 0.8047270720294446, 0.8082562844598769, 0.8010255308134375, 0.8003694476874175, 0.8014976334754035, 0.7996498002676303, 0.8028216284634336], 'cv_std_test_score': [0.15845515794245815, 0.07455928813210087, 0.04833233252799307, 0.0434251256526762, 0.045436844738627864, 0.024293395802998972, 0.023690088992750893, 0.025492195972407695, 0.033791561548867234, 0.026332126056852763, 0.02668231940577969, 0.03777052533971145, 0.0394211251996651, 0.026737108475661592, 0.037773178601673355, 0.0311581632605764]}
{'percent': [1, 2, 4, 5, 7, 9, 10, 12, 13, 15, 17, 18, 20, 21, 23, 25], 'n_components': [3, 6, 13, 16, 23, 30, 33, 40, 43, 50, 57, 60, 67, 70, 77, 84], 'Score in test': [0.0010202137271015932, 0.1932648515514127, 0.6943567211359357, 0.7702043846596318, 0.7824002946477664, 0.772135450079475, 0.7779172090642884, 0.7786106563951475, 0.7736856794802915, 0.7774688430419119, 0.7734887494084012, 0.7749103864740696, 0.7740885074888881, 0.7816041261503792, 0.7743384856209279, 0.7800045854950921], 'Training Time': [0.008913993835449219, 0.010468482971191406, 0.023143768310546875, 0.011030197143554688, 0.022560596466064453, 0.028320789337158203, 0.030422687530517578, 0.013872385025024414, 0.07593154907226562, 0.02784252166748047, 0.022843599319458008, 0.03543496131896973, 0.038291215896606445, 0.0227816104888916, 0.040602922439575195, 0.03174948692321777], 'Best Parameters': [{'regressor__nystroem__gamma': 0.0006905339660024879, 'regressor__svm__C': 100.0}, {'regressor__nystroem__gamma': 0.0006905339660024879, 'regressor__svm__C': 100.0}, {'regressor__nystroem__gamma': 0.0006905339660024879, 'regressor__svm__C': 100.0}, {'regressor__nystroem__gamma': 0.0006905339660024879, 'regressor__svm__C': 100.0}, {'regressor__nystroem__gamma': 0.0078125, 'regressor__svm__C': 100.0}, {'regressor__nystroem__gamma': 0.0006905339660024879, 'regressor__svm__C': 100.0}, {'regressor__nystroem__gamma': 0.0006905339660024879, 'regressor__svm__C': 100.0}, {'regressor__nystroem__gamma': 0.0078125, 'regressor__svm__C': 3.1622776601683795}, {'regressor__nystroem__gamma': 0.0006905339660024879, 'regressor__svm__C': 100.0}, {'regressor__nystroem__gamma': 0.0078125, 'regressor__svm__C': 3.1622776601683795}, {'regressor__nystroem__gamma': 0.0006905339660024879, 'regressor__svm__C': 100.0}, {'regressor__nystroem__gamma': 0.0006905339660024879, 'regressor__svm__C': 100.0}, {'regressor__nystroem__gamma': 0.0006905339660024879, 'regressor__svm__C': 100.0}, {'regressor__nystroem__gamma': 0.0078125, 'regressor__svm__C': 3.1622776601683795}, {'regressor__nystroem__gamma': 0.0006905339660024879, 'regressor__svm__C': 100.0}, {'regressor__nystroem__gamma': 0.0078125, 'regressor__svm__C': 3.1622776601683795}], 'Best Score in CV': [0.3012545153677427, 0.5289305705390921, 0.7600407414659532, 0.788766212351408, 0.7895540302605027, 0.8061000882658496, 0.81065507609583, 0.8009229909195543, 0.8030153847829125, 0.8047270720294446, 0.8082562844598769, 0.8010255308134375, 0.8003694476874175, 0.8014976334754035, 0.7996498002676303, 0.8028216284634336], 'cv_mean_test_score': [0.3012545153677427, 0.5289305705390921, 0.7600407414659532, 0.788766212351408, 0.7895540302605027, 0.8061000882658496, 0.81065507609583, 0.8009229909195543, 0.8030153847829125, 0.8047270720294446, 0.8082562844598769, 0.8010255308134375, 0.8003694476874175, 0.8014976334754035, 0.7996498002676303, 0.8028216284634336], 'cv_std_test_score': [0.15845515794245815, 0.07455928813210087, 0.04833233252799307, 0.0434251256526762, 0.045436844738627864, 0.024293395802998972, 0.023690088992750893, 0.025492195972407695, 0.033791561548867234, 0.026332126056852763, 0.02668231940577969, 0.03777052533971145, 0.0394211251996651, 0.026737108475661592, 0.037773178601673355, 0.0311581632605764]}
